-1.3268e-16
-5.8988e-16
-2.7819e-16
-4.4565e-16
1.2723e-16
8.9013e-17
6.0065e-16
3.8554e-16
7.0994e-16
3.5215e-16
5.9241e-16
2.5153e-16
4.7098e-16
9.4109e-17
3.3491e-16
3.5074e-17
3.7942e-16
1.5993e-16
5.2645e-16
2.6201e-16
5.3974e-16
1.7176e-16
3.2891e-16
-1.4542e-16
-5.1716e-17
-4.9937e-16
-2.953e-16
-5.437e-16
-1.3942e-16
-2.6682e-16
1.6729e-16
-3.1705e-17
2.6322e-16
-5.9875e-17
1.4409e-16
-2.1413e-16
-1.8215e-17
-3.747e-16
-1.7347e-16
-4.6838e-16
-1.7347e-16
-3.0531e-16
1.3184e-16
-4.8572e-17
3.7123e-16
8.3267e-17
2.4373e-16
-2.125e-16
-8.782e-17
-4.816e-16
-2.7112e-16
-5.7033e-16
-2.3461e-16
-3.5495e-16
1.6075e-16
1.1567e-16
4.9849e-16
2.0521e-16
3.8172e-16
1.5771e-17
2.0958e-16
-1.4721e-16
-6.1206e-18
-4.1438e-16
-2.083e-16
-3.6345e-16
1.6212e-16
2.0275e-16
6.8087e-16
4.6051e-16
5.9596e-16
1.0152e-16
1.2247e-16
-3.4977e-16
-2.8806e-16
-6.8253e-16
-4.6717e-16
-5.8162e-16
1.9094e-18
1.5735e-16
7.4724e-16
6.1509e-16
7.7942e-16
3.1778e-16
3.1071e-16
-2.2382e-16
-3.8506e-16
-1.1076e-15
-1.2058e-15
-1.3104e-15
-2.4707e-16
7.7624e-16
2.132e-15
2.1835e-15
1.6481e-15
-9.1915e-17
-1.3946e-15
-2.5571e-15
-2.2678e-15
-1.5375e-15
2.2871e-16
1.4237e-15
2.3805e-15
1.8298e-15
1.0173e-15
-3.9384e-16
-9.4976e-16
-1.3872e-15
-8.9302e-16
-7.0047e-16
-4.1935e-17
1.1405e-16
6.8675e-16
7.149e-16
1.0112e-15
5.5483e-16
3.2208e-16
-4.0923e-16
-4.9448e-16
-7.6742e-16
-3.5818e-16
-3.2769e-16
9.4782e-17
-3.4418e-18
3.0678e-16
1.975e-16
4.9389e-16
2.7169e-16
3.5613e-16
-7.7351e-17
-7.4747e-17
-4.1585e-16
-2.0835e-16
-3.4103e-16
-6.6884e-18
-9.1057e-17
2.4062e-16
1.2075e-16
3.7624e-16
1.4887e-16
2.6367e-16
-1.3768e-16
-1.0947e-16
-4.515e-16
-2.4802e-16
-3.8134e-16
-5.038e-17
-1.7649e-16
6.7987e-17
-1.0223e-16
1.9979e-16
1.0429e-16
3.6393e-16
9.5464e-17
1.5277e-16
-2.198e-16
-9.6944e-17
-3.0072e-16
-1.2529e-17
-1.3451e-16
1.3885e-16
-1.7357e-17
2.4535e-16
8.9679e-17
3.056e-16
2.5141e-17
1.0459e-16
-2.2424e-16
-1.088e-16
-2.8863e-16
-2.6442e-17
-1.6054e-16
5.7427e-17
-8.6191e-17
2.1102e-16
1.6321e-16
4.9691e-16
3.3857e-16
4.6042e-16
1.1249e-16
1.601e-16
-1.3277e-16
3.7971e-17
-1.1569e-16
1.3348e-16
-1.3668e-17
2.0329e-16
4.1871e-17
2.3156e-16
2.1576e-17
1.3819e-16
-1.6865e-16
-1.2796e-16
-4.5114e-16
-3.5661e-16
-5.9388e-16
-3.8991e-16
-4.8975e-16
-1.1286e-16
-5.196e-18
4.9393e-16
5.2655e-16
7.115e-16
2.7319e-16
-9.2958e-18
-6.3969e-16
-8.1608e-16
-1.1832e-15
-1.0289e-15
-1.1112e-15
-7.0837e-16
-5.297e-16
1.0808e-16
3.6042e-16
8.1729e-16
6.9917e-16
7.64e-16
4.6916e-16
6.5953e-16
6.4745e-16
9.8379e-16
8.0711e-16
7.5387e-16
1.9119e-16
-3.1679e-17
-4.8454e-16
-4.4262e-16
-6.1311e-16
-3.7563e-16
-4.4575e-16
-1.8405e-16
-2.3451e-16
5.3107e-17
-5.3484e-17
1.746e-16
-2.4838e-17
9.9296e-17
-6.7171e-17
1.3588e-16
4.4843e-18
1.6877e-16
-5.1894e-17
8.5976e-17
-2.5719e-17
2.6627e-16
2.2036e-16
3.8895e-16
1.0281e-16
5.568e-17
-2.418e-16
-5.9683e-17
-1.1585e-16
1.0855e-16
-8.1316e-17
-2.769e-17
-2.3476e-16
1.067e-17
9.4928e-18
2.6862e-16
3.8986e-17
2.2059e-17
-2.3952e-16
2.2199e-17
8.9195e-17
3.0356e-16
-3.6254e-17
-1.4356e-16
-3.2437e-16
1.2874e-16
2.9137e-16
3.8079e-16
-1.3451e-16
-2.8316e-16
-3.6208e-16
5.021e-17
4.383e-17
5.6427e-17
-3.0534e-16
-2.1597e-16
-2.202e-16
1.1818e-16
1.4827e-18
3.4746e-17
-2.5842e-16
-1.3639e-16
-1.7293e-16
8.3713e-17
-5.1853e-17
-9.5859e-18
-2.4297e-16
-1.0418e-16
-1.1156e-16
1.7863e-16
1.1202e-16
1.7245e-16
-8.4046e-17
-9.8468e-17
-2.5533e-16
-4.9182e-17
-1.3388e-16
1.0478e-17
-1.2948e-16
1.1553e-17
-9.1957e-17
1.0939e-16
3.7778e-18
1.1169e-16
-1.0412e-16
-2.7748e-17
-1.6953e-16
-3.8312e-17
-2.0334e-16
-1.3746e-16
-3.0945e-16
-7.4578e-17
4.6268e-17
4.445e-16
4.2735e-16
4.0708e-16
-5.3577e-17
-2.8548e-16
-6.053e-16
-4.2369e-16
-2.9327e-16
1.8086e-16
3.317e-16
5.8201e-16
3.6722e-16
2.948e-16
-4.9866e-17
-1.2801e-16
-3.8113e-16
-3.104e-16
-3.9061e-16
-1.1296e-16
-1.8546e-17
3.0476e-16
3.0938e-16
4.11e-16
1.6258e-16
7.8205e-17
-2.1422e-16
-1.7431e-16
-2.5309e-16
-4.014e-17
-3.5499e-17
1.6342e-16
9.9374e-17
2.5084e-16
1.6507e-16
2.808e-16
1.4344e-16
2.1102e-16
4.4596e-17
9.402e-17
-8.9327e-17
-4.6404e-17
-2.0525e-16
-7.4411e-17
-1.1313e-16
1.2163e-16
7.642e-17
2.1936e-16
8.142e-17
1.2455e-16
-5.3553e-17
2.0706e-17
-9.6393e-17
2.2247e-17
-6.1652e-17
9.1842e-17
4.3561e-17
2.0067e-16
1.4761e-16
3.0717e-16
2.4155e-16
3.5453e-16
1.9728e-16
2.0878e-16
-2.5124e-17
-4.4162e-17
-2.523e-16
-1.8717e-16
-2.8302e-16
-1.1434e-16
-1.5272e-16
2.1682e-17
-4.1436e-17
6.0506e-17
-7.4725e-17
-3.71e-17
-1.8816e-16
-1.1065e-16
-2.1758e-16
-1.0587e-16
-2.0032e-16
-5.8217e-17
-6.2365e-17
1.9253e-16
2.4849e-16
4.3636e-16
3.3163e-16
3.0603e-16
2.8418e-17
-9.5173e-17
-3.8242e-16
-4.5466e-16
-6.4269e-16
-5.5551e-16
-5.5697e-16
-3.266e-16
-2.7443e-16
-7.5908e-17
-1.0419e-16
9.8031e-18
-9.5855e-17
-3.6135e-17
-1.8078e-16
-1.4672e-16
-2.4218e-16
-4.3242e-17
1.1723e-16
6.3352e-16
1.0408e-15
1.5744e-15
1.7553e-15
1.7445e-15
1.2618e-15
6.6035e-16
-2.4567e-16
-9.9653e-16
-1.7824e-15
-2.1352e-15
-2.2729e-15
-1.7959e-15
-1.0973e-15
-3.94e-17
7.2816e-16
1.2696e-15
1.1227e-15
8.4386e-16
4.8954e-16
6.5565e-16
9.5354e-16
1.375e-15
1.2467e-15
7.4713e-16
-2.7065e-16
-1.1983e-15
-2.0496e-15
-2.3446e-15
-2.3291e-15
-1.7527e-15
-1.0727e-15
-1.7036e-16
4.2856e-16
9.6411e-16
1.1235e-15
1.2312e-15
1.0526e-15
8.9222e-16
5.1892e-16
2.695e-16
-7.1421e-17
-1.3882e-16
-2.0885e-16
-2.3022e-17
6.6657e-17
2.5586e-16
1.7847e-16
1.2696e-16
-1.6113e-16
-3.5245e-16
-6.8114e-16
-7.8571e-16
-9.0449e-16
-7.6612e-16
-6.1978e-16
-2.4654e-16
1.959e-17
3.6408e-16
4.7748e-16
6.3925e-16
6.0542e-16
6.7307e-16
5.1348e-16
4.1633e-16
1.1102e-16
2.7756e-17
-8.3267e-17
8.3267e-17
1.6653e-16
2.7756e-16
2.498e-16
2.498e-16
1.1449e-16
3.8164e-17
-2.0513e-16
-3.3014e-16
-5.1608e-16
-4.6802e-16
-4.3388e-16
-2.0534e-16
-8.1467e-17
1.4605e-16
2.5943e-16
4.5273e-16
4.785e-16
5.6429e-16
4.3368e-16
3.4416e-16
1.0054e-16
1.2312e-17
-1.2105e-16
-5.1533e-17
-4.6377e-17
9.1832e-17
9.2103e-17
1.4181e-16
1.4311e-17
-4.944e-17
-2.7799e-16
-3.6906e-16
-5.1825e-16
-5.009e-16
-5.1955e-16
-3.8126e-16
-3.0434e-16
-8.8308e-17
4.0841e-17
2.5933e-16
3.2519e-16
4.4261e-16
3.8786e-16
3.466e-16
1.4838e-16
1.8443e-17
-1.3208e-16
-6.972e-17
2.1876e-17
2.4054e-16
2.9729e-16
2.9832e-16
7.8815e-17
-1.0418e-16
-3.2971e-16
-3.8706e-16
-4.3802e-16
-3.2786e-16
-2.6368e-16
-1.3184e-16
-1.1102e-16
-4.1633e-17
-2.7756e-17
2.7756e-17
2.7756e-17
9.7145e-17
1.5266e-16
2.7062e-16
3.3654e-16
4.4582e-16
3.9703e-16
3.2206e-16
8.7387e-17
-1.0266e-16
-2.9527e-16
-2.9703e-16
-2.1918e-16
-1.4204e-17
7.6181e-17
1.3414e-16
-3.186e-17
-1.6875e-16
-3.5579e-16
-3.9592e-16
-4.3562e-16
-3.2835e-16
-2.3774e-16
-4.1801e-17
9.164e-17
2.9068e-16
3.758e-16
4.8722e-16
4.7041e-16
4.6973e-16
3.3557e-16
2.3789e-16
3.0759e-17
-5.1467e-17
-1.404e-16
-9.3318e-17
-6.6996e-17
3.9027e-17
6.9258e-17
9.7692e-17
-5.011e-18
-1.3712e-16
-3.4076e-16
-4.589e-16
-5.2573e-16
-4.803e-16
-4.0504e-16
-2.4992e-16
-1.1716e-16
8.9856e-17
2.4094e-16
4.3053e-16
4.9732e-16
4.9716e-16
3.3802e-16
1.6668e-16
-4.4806e-17
-1.5675e-16
-2.5468e-16
-2.763e-16
-3.0477e-16
-1.8714e-16
-8.6149e-17
1.1706e-17
-5.2338e-17
-1.8429e-16
-4.0501e-16
-5.5313e-16
-6.4205e-16
-6.3392e-16
-6.0235e-16
-4.9042e-16
-3.0136e-16
-1.3076e-17
3.1225e-16
6.1365e-16
8.0672e-16
8.7212e-16
7.8669e-16
6.1571e-16
3.5271e-16
9.8461e-17
-1.2332e-16
-2.2685e-16
-2.2273e-16
-9.3934e-17
5.3779e-17
1.661e-16
1.4427e-16
-6.1074e-18
-2.7976e-16
-6.0392e-16
-8.9014e-16
-1.0997e-15
-1.1902e-15
-1.1417e-15
-8.8381e-16
-4.0327e-16
3.039e-16
1.1277e-15
1.8551e-15
2.3333e-15
2.3676e-15
1.9531e-15
1.1287e-15
1.3577e-16
-7.8935e-16
-1.2969e-15
-1.3099e-15
-9.2891e-16
-5.7467e-16
-5.2827e-16
-8.2827e-16
-1.1794e-15
-1.1788e-15
-6.9525e-16
1.9646e-16
1.1546e-15
1.9052e-15
2.2457e-15
2.151e-15
1.6745e-15
9.5027e-16
1.1056e-16
-7.0746e-16
-1.3892e-15
-1.7446e-15
-1.7896e-15
-1.5145e-15
-1.048e-15
-5.3067e-16
-1.3545e-16
1.2394e-16
2.0256e-16
1.9742e-16
1.314e-16
9.6339e-17
4.805e-17
5.5019e-17
6.8058e-17
1.4144e-16
2.4093e-16
3.9799e-16
5.2442e-16
6.2181e-16
5.9213e-16
4.9886e-16
3.1314e-16
1.1859e-16
-1.0262e-16
-2.6835e-16
-3.9407e-16
-3.8613e-16
-2.9818e-16
-1.1217e-16
1.8112e-17
1.3021e-16
1.4604e-16
1.6265e-16
1.4678e-16
1.726e-16
1.3212e-16
9.0575e-17
2.1561e-17
4.5309e-18
-1.2234e-17
5.6592e-17
1.0307e-16
1.8513e-16
2.2174e-16
2.424e-16
1.7213e-16
8.4032e-17
-5.4829e-17
-1.6309e-16
-2.8161e-16
-3.0289e-16
-3.1485e-16
-2.3656e-16
-2.0799e-16
-1.2868e-16
-9.7566e-17
-2.5613e-17
-9.6635e-18
4.9628e-17
2.1355e-17
4.1139e-17
-1.7991e-17
-5.0062e-17
-1.568e-16
-1.1916e-16
-1.2976e-16
-3.4207e-17
5.7158e-17
1.632e-16
1.3615e-16
1.2418e-16
1.8879e-17
-2.0422e-17
-1.1175e-16
-1.3731e-16
-2.0706e-16
-2.0534e-16
-2.3533e-16
-1.7712e-16
-1.8132e-16
-8.7958e-17
-3.9487e-17
1.0941e-16
1.7774e-16
2.407e-16
1.094e-16
-2.3706e-17
-2.5874e-16
-3.4986e-16
-3.8394e-16
-2.0897e-16
-2.9828e-17
2.116e-16
3.1802e-16
3.9151e-16
2.903e-16
1.8008e-16
-4.6337e-17
-2.3775e-16
-4.6897e-16
-4.8041e-16
-3.8321e-16
-5.232e-17
2.4382e-16
5.3493e-16
5.0769e-16
3.3962e-16
-7.8944e-17
-3.5993e-16
-5.2716e-16
-3.2644e-16
-9.2359e-17
1.8291e-16
2.2311e-16
2.2762e-16
1.0508e-16
1.2469e-16
7.6959e-17
1.1491e-16
2.8242e-18
-1.6054e-17
-9.4831e-17
1.9473e-18
1.0151e-17
8.9182e-17
2.0037e-17
6.1404e-17
4.3991e-17
1.5128e-16
1.362e-16
1.7363e-16
1.7148e-17
-7.9211e-17
-2.0172e-16
-5.0775e-17
4.3023e-17
2.2024e-16
1.4494e-16
1.032e-16
-5.3287e-17
3.603e-17
9.785e-17
2.4489e-16
1.5854e-16
7.2515e-17
-9.7831e-17
1.3852e-17
1.4287e-16
3.3966e-16
1.9051e-16
3.195e-17
-1.4321e-16
9.1669e-17
2.9042e-16
3.7953e-16
-9.948e-18
-2.9473e-16
-3.7077e-16
2.454e-17
2.2878e-16
2.4925e-16
-9.402e-17
-2.0964e-16
-1.7857e-16
1.1695e-16
1.1651e-16
7.7101e-17
-1.7825e-16
-1.5193e-16
-1.1599e-16
1.2697e-16
1.1386e-16
1.3528e-16
-4.5035e-17
1.0139e-17
5.8725e-18
1.8349e-16
1.146e-16
4.634e-17
-2.3191e-16
-2.7969e-16
-3.3801e-16
-1.3242e-16
-8.8276e-17
2.9139e-17
-8.5262e-17
-4.0296e-17
-1.2249e-16
-2.35e-18
-4.9923e-17
2.6826e-17
-8.4652e-17
-2.3743e-17
-7.6487e-17
1.0715e-16
1.1446e-16
3.2326e-16
3.3466e-16
5.2446e-16
4.9156e-16
5.7842e-16
3.3993e-16
1.3816e-16
-3.6386e-16
-6.5091e-16
-9.5421e-16
-8.3009e-16
-7.5956e-16
-5.2185e-16
-6.2497e-16
-6.4832e-16
-8.437e-16
-6.6948e-16
-4.5862e-16
7.7543e-17
4.2946e-16
8.6977e-16
9.8855e-16
1.1672e-15
1.032e-15
9.3245e-16
4.6505e-16
1.0123e-16
-4.2327e-16
-5.7986e-16
-6.4757e-16
-3.0738e-16
-9.9531e-17
2.8617e-16
3.604e-16
5.3436e-16
4.3224e-16
4.8859e-16
2.8135e-16
2.4541e-16
-3.8498e-18
-7.6702e-18
-1.8284e-16
-9.4122e-17
-1.9438e-16
-6.2219e-17
-1.4076e-16
3.0756e-17
-2.7021e-17
1.2161e-16
-1.8601e-17
-1.4436e-17
-2.8466e-16
-3.2228e-16
-5.0307e-16
-3.346e-16
-3.0982e-16
-4.1603e-17
-5.4689e-17
1.0082e-16
1.5296e-17
1.7146e-16
1.3473e-16
2.6663e-16
6.4066e-17
5.7181e-17
-2.0249e-16
-1.3201e-16
-2.4048e-16
-6.7476e-17
-1.3613e-16
4.3224e-17
-1.6416e-17
2.0078e-16
1.3963e-16
2.6595e-16
3.8624e-17
-1.1408e-17
-2.8023e-16
-2.014e-16
-2.6175e-16
-2.7201e-17
-6.7513e-17
9.1511e-17
5.3523e-18
2.238e-16
2.1743e-16
4.2091e-16
2.6839e-16
2.5969e-16
-6.5545e-17
-1.1149e-16
-3.3497e-16
-2.0988e-16
-2.849e-16
-4.7469e-17
-5.7772e-17
2.0779e-16
1.8696e-16
4.0023e-16
2.2991e-16
2.341e-16
-1.2651e-16
-2.0143e-16
-4.69e-16
-3.151e-16
-3.4954e-16
-1.0902e-16
-1.5612e-16
1.2222e-16
1.8077e-16
5.7726e-16
5.9103e-16
6.6026e-16
1.5196e-16
-2.0787e-16
-8.0397e-16
-8.3831e-16
-8.9653e-16
-4.648e-16
-2.5934e-16
2.7929e-16
5.6205e-16
1.1345e-15
1.2282e-15
1.1102e-15
7.6328e-17
-9.6451e-16
-2.106e-15
-2.1511e-15
-1.4927e-15
1.5005e-16
1.4819e-15
2.5238e-15
2.2978e-15
1.4464e-15
-2.8332e-16
-1.5768e-15
-2.3995e-15
-1.837e-15
-8.3378e-16
5.7605e-16
1.1653e-15
1.3896e-15
8.491e-16
5.4174e-16
-1.5394e-17
-1.3195e-16
-5.5568e-16
-5.9369e-16
-8.3425e-16
-5.1319e-16
-3.341e-16
2.4752e-16
3.8988e-16
6.8131e-16
4.5059e-16
4.9093e-16
1.0842e-16
6.1583e-17
-3.5475e-16
-3.9508e-16
-6.8294e-16
-4.4859e-16
-3.9601e-16
9.6562e-17
1.6828e-16
4.3573e-16
1.8282e-16
2.2517e-16
-8.2011e-17
1.2151e-17
-2.4689e-16
-1.6896e-16
-4.4702e-16
-2.6366e-16
-3.24e-16
8.9795e-17
1.2879e-16
4.6919e-16
3.2703e-16
4.9236e-16
2.2996e-16
3.1561e-16
-5.2909e-17
-2.0817e-17
-3.1225e-16
-1.0061e-16
-1.8735e-16
1.3878e-16
1.0408e-16
4.0939e-16
2.3939e-16
4.0246e-16
1.3791e-16
2.5934e-16
-2.3202e-17
9.5193e-17
-1.7086e-16
-1.6195e-17
-1.9805e-16
9.6185e-17
3.6281e-17
3.9956e-16
3.0499e-16
5.4504e-16
2.3745e-16
2.8211e-16
-1.3319e-16
-9.6311e-17
-4.3235e-16
-2.8549e-16
-5.1044e-16
-2.58e-16
-4.1101e-16
-1.1468e-16
-2.8125e-16
-7.3999e-17
-3.6185e-16
-2.0924e-16
-5.0785e-16
-3.2926e-16
-6.0459e-16
-4.233e-16
-6.3386e-16
-3.084e-16
-3.2736e-16
1.7751e-16
1.983e-16
5.6026e-16
3.1405e-16
3.8942e-16
-5.6421e-17
-2.3007e-17
-3.8029e-16
-1.5591e-16
-3.1358e-16
4.059e-17
-1.0537e-16
2.0644e-16
4.9011e-17
3.9974e-16
3.3251e-16
7.5243e-16
6.6112e-16
9.9886e-16
7.5038e-16
8.9475e-16
4.4255e-16
3.6723e-16
-2.7791e-16
-4.5941e-16
-1.0461e-15
-9.8825e-16
-1.1679e-15
-6.3761e-16
-5.5049e-16
3.5508e-17
7.5173e-18
3.5432e-16
9.4336e-17
3.0952e-16
4.2692e-17
3.4775e-16
1.9536e-16
5.6912e-16
3.8519e-16
6.3193e-16
2.9873e-16
4.7546e-16
1.5101e-16
3.5654e-16
1.1721e-17
1.7445e-16
-2.0578e-16
-4.0741e-17
-3.6944e-16
-1.14e-16
-3.5588e-16
-4.1092e-17
-2.6812e-16
3.8958e-17
-2.6478e-16
-6.0798e-17
-4.0221e-16
-1.9996e-16
-5.0557e-16
-1.7375e-16
-3.714e-16
-1.8597e-17
-2.2177e-16
1.2163e-16
-1.4154e-16
1.4267e-16
-1.7909e-16
7.0593e-17
-2.6116e-16
-1.1932e-17
-3.3574e-16
-5.5041e-17
-3.5002e-16
-5.048e-17
-2.997e-16
1.1327e-16
-4.867e-17
3.4159e-16
-6.4498e-18
1.8234e-16
-2.1059e-16
9.146e-17
-1.7795e-16
1.5335e-16
-1.4087e-16
2.153e-16
2.1058e-17
4.5651e-16
2.4971e-16
5.5073e-16
1.3784e-16
3.9179e-16
4.2458e-17
3.3862e-16
-4.2338e-17
1.8181e-16
-2.3559e-16
6.8957e-17
-1.5764e-16
3.1226e-16
1.2897e-16
4.8701e-16
8.8918e-17
2.7807e-16
-1.8767e-16
4.7409e-17
-3.4719e-16
-3.6268e-17
-3.6004e-16
3.1118e-17
-1.9914e-16
2.9476e-16
7.6029e-17
4.8752e-16
1.1863e-16
3.91e-16
-3.5736e-17
2.2555e-16
-2.3118e-16
-7.2283e-17
-5.8467e-16
-2.6408e-16
-3.7362e-16
4.3434e-16
5.0097e-16
1.0321e-15
4.3004e-16
2.531e-16
-6.7149e-16
-6.4263e-16
-1.0133e-15
-3.2613e-16
-2.1583e-16
6.0755e-16
4.7314e-16
7.9054e-16
1.4608e-16
1.7937e-16
-4.5688e-16
-1.9014e-16
-5.5591e-16
-6.2387e-17
-2.9594e-16
2.6228e-16
2.457e-17
5.0085e-16
9.5782e-17
3.555e-16
-2.3152e-16
-3.1296e-17
-5.3066e-16
-9.8558e-17
-4.2087e-16
9.5117e-17
-2.7174e-16
1.3586e-16
-2.9012e-16
9.1457e-17
-3.189e-16
9.9599e-17
-2.9779e-16
1.2681e-16
-2.7596e-16
1.4417e-16
-2.6355e-16
1.6816e-16
-2.1758e-16
2.629e-16
-9.1182e-17
3.7001e-16
-8.6033e-17
2.943e-16
-1.8773e-16
2.0831e-16
-2.5467e-16
1.7406e-16
-2.7142e-16
1.7645e-16
-2.7656e-16
1.3924e-16
-3.664e-16
3.6553e-17
-4.2552e-16
4.8716e-17
-3.5821e-16
1.4467e-16
-3.0486e-16
1.8039e-16
-2.7359e-16
2.1777e-16
-2.0884e-16
3.0256e-16
-1.3122e-16
3.5978e-16
-1.1247e-16
3.4976e-16
-1.5033e-16
3.1045e-16
-1.8802e-16
2.9403e-16
-1.8089e-16
3.128e-16
-2.1278e-16
1.98e-16
-3.9754e-16
3.7948e-17
-4.5869e-16
9.4369e-17
-3.3822e-16
2.341e-16
-2.0406e-16
3.7437e-16
-5.7199e-17
5.4197e-16
8.4293e-17
6.8079e-16
2.4418e-16
7.8269e-16
2.9898e-16
8.0001e-16
2.2891e-16
7.2969e-16
1.5238e-16
6.9738e-16
1.1439e-16
5.6575e-16
-1.825e-16
8.5834e-17
-7.8663e-16
-4.9717e-16
-1.2604e-15
-7.7011e-16
-1.3426e-15
-7.3175e-16
-1.2622e-15
-6.2552e-16
-1.0804e-15
-2.9186e-16
-5.6454e-16
3.7888e-16
1.7364e-16
1.1127e-15
8.1707e-16
1.6146e-15
1.0361e-15
1.4137e-15
3.0069e-16
2.2195e-16
-1.0606e-15
-8.305e-16
-1.3701e-15
-2.9633e-16
-2.9021e-16
9.0382e-16
6.1661e-16
1.3361e-15
5.6655e-16
9.5872e-16
2.7469e-17
4.2467e-16
-4.1906e-16
8.8404e-17
-7.1338e-16
-2.2696e-16
-1.0725e-15
-5.3073e-16
-1.2331e-15
-4.9916e-16
-1.0844e-15
-3.4013e-16
-9.9057e-16
-2.8115e-16
-9.1014e-16
-8.174e-17
-5.9033e-16
3.2574e-16
-1.9085e-16
6.7724e-16
8.8595e-17
8.8746e-16
1.921e-16
9.6435e-16
1.7182e-16
8.4706e-16
6.9964e-17
7.9352e-16
4.3105e-17
7.4903e-16
-1.1845e-16
4.9156e-16
-3.8756e-16
3.6032e-16
-3.7082e-16
4.3861e-16
-4.153e-16
2.4117e-16
-6.3601e-16
2.3435e-16
-4.0958e-16
5.1718e-16
-2.9937e-16
4.7923e-16
-3.3828e-16
5.8905e-16
-1.9718e-16
5.8867e-16
-3.9368e-16
3.8068e-16
-4.755e-16
4.467e-16
-4.2036e-16
3.7746e-16
-6.2189e-16
1.6939e-16
-7.6089e-16
1.7555e-16
-7.1146e-16
1.8116e-16
-8.0088e-16
7.8354e-17
-8.4308e-16
1.8046e-16
-6.4355e-16
4.3356e-16
-4.3474e-16
6.1434e-16
-2.9544e-16
7.1934e-16
-2.6208e-16
7.1154e-16
-3.1017e-16
6.9656e-16
-2.8204e-16
7.883e-16
-2.171e-16
8.0741e-16
-2.9022e-16
7.0218e-16
-4.1714e-16
6.1815e-16
-4.8847e-16
5.5165e-16
-6.3714e-16
3.5395e-16
-8.4009e-16
2.5166e-16
-7.1398e-16
6.3328e-16
-3.0839e-16
9.298e-16
-3.1689e-16
6.6003e-16
-7.4223e-16
3.2331e-16
-8.8541e-16
4.4274e-16
-6.0095e-16
8.1297e-16
-3.3211e-16
8.9376e-16
-5.1864e-16
5.5719e-16
-9.3847e-16
2.2403e-16
-1.1452e-15
2.147e-16
-1.0207e-15
4.8241e-16
-7.3628e-16
7.6343e-16
-5.9405e-16
7.5451e-16
-7.8012e-16
5.3682e-16
-9.117e-16
6.5625e-16
-6.4059e-16
1.0293e-15
-3.7532e-16
1.133e-15
-4.4618e-16
1.0373e-15
-5.5248e-16
1.0185e-15
-5.9811e-16
9.8237e-16
-7.0284e-16
8.8478e-16
-8.2709e-16
8.3085e-16
-8.7654e-16
8.7815e-16
-8.4686e-16
9.2767e-16
-8.8328e-16
8.8788e-16
-9.5331e-16
8.7989e-16
-9.8172e-16
9.3361e-16
-9.3056e-16
1.0623e-15
-8.589e-16
1.1198e-15
-9.3849e-16
1.0131e-15
-1.0755e-15
9.992e-16
-1.0963e-15
1.027e-15
-1.1935e-15
9.1593e-16
-1.3461e-15
8.743e-16
-1.3878e-15
9.7491e-16
-1.3618e-15
1.0241e-15
-1.4084e-15
1.0634e-15
-1.3759e-15
1.203e-15
-1.3207e-15
1.3313e-15
-1.2328e-15
1.5453e-15
-1.115e-15
1.6581e-15
-1.2054e-15
1.5842e-15
-1.3438e-15
1.627e-15
-1.3527e-15
1.6845e-15
-1.4537e-15
1.625e-15
-1.6149e-15
1.5841e-15
-1.7326e-15
1.592e-15
-1.7928e-15
1.6068e-15
-1.8809e-15
1.6397e-15
-1.9303e-15
1.7148e-15
-1.8776e-15
1.923e-15
-1.725e-15
2.1201e-15
-1.6924e-15
2.0976e-15
-1.8171e-15
3.421e-15
3.508e-14
7.6987e-13
1.3536e-11
2.0336e-10
2.6034e-09
2.8404e-08
2.641e-07
2.0928e-06
1.4134e-05
8.1346e-05
0.00039901
0.001668
0.0059423
0.018042
0.046685
0.10295
0.19348
0.3099
0.42302
0.49211
0.48789
0.41223
0.29684
0.18217
0.095276
0.042467
0.016132
0.0052225
0.0014409
0.00033881
6.7894e-05
1.1595e-05
1.6876e-06
2.0933e-07
2.2129e-08
1.9936e-09
1.5307e-10
1.0014e-11
5.6067e-13
2.468e-14
3.09e-15
-2.0046e-15
1.8019e-15
-2.1656e-15
1.7253e-15
-2.0651e-15
1.8524e-15
-1.8274e-15
1.9727e-15
-1.6912e-15
1.949e-15
-1.6645e-15
1.8483e-15
-1.6542e-15
1.7928e-15
-1.627e-15
1.7063e-15
-1.6404e-15
1.5652e-15
-1.704e-15
1.4162e-15
-1.7052e-15
1.3966e-15
-1.6125e-15
1.3326e-15
-1.6626e-15
1.1613e-15
-1.6693e-15
1.2032e-15
-1.4749e-15
1.3278e-15
-1.305e-15
1.3902e-15
-1.1514e-15
1.4633e-15
-1.057e-15
1.4203e-15
-1.0323e-15
1.4267e-15
-9.4211e-16
1.4419e-15
-9.3729e-16
1.3053e-15
-1.0298e-15
1.1692e-15
-1.0592e-15
1.1421e-15
-1.0325e-15
1.0516e-15
-1.1378e-15
8.9302e-16
-1.1626e-15
9.1077e-16
-1.0339e-15
1e-15
-9.3119e-16
1.0078e-15
-9.1754e-16
9.6285e-16
-9.4228e-16
8.8489e-16
-9.4004e-16
9.015e-16
-8.8053e-16
9.0321e-16
-8.9293e-16
8.1262e-16
-9.8021e-16
6.839e-16
-1.0468e-15
6.1398e-16
-1.0631e-15
5.5447e-16
-1.1299e-15
4.2173e-16
-1.1644e-15
5.3035e-16
-8.694e-16
8.831e-16
-5.5094e-16
9.3908e-16
-6.891e-16
6.8168e-16
-8.3975e-16
6.7017e-16
-6.6361e-16
9.3331e-16
-3.4101e-16
1.1721e-15
-2.1169e-16
1.1191e-15
-4.0859e-16
7.4885e-16
-8.1622e-16
3.973e-16
-9.624e-16
4.7971e-16
-6.6041e-16
8.2561e-16
-3.6217e-16
9.054e-16
-5.0542e-16
5.3383e-16
-9.1575e-16
2.6339e-16
-9.0217e-16
5.4745e-16
-4.4654e-16
8.8026e-16
-3.2659e-16
7.6768e-16
-5.1973e-16
5.7826e-16
-6.2509e-16
5.0539e-16
-6.8843e-16
3.978e-16
-8.004e-16
2.8109e-16
-8.5199e-16
2.8474e-16
-7.7119e-16
3.6295e-16
-7.2978e-16
3.3486e-16
-7.6846e-16
3.0454e-16
-7.1739e-16
3.9982e-16
-5.6578e-16
5.7752e-16
-3.3987e-16
8.1202e-16
-1.381e-16
8.8457e-16
-1.8053e-16
7.7305e-16
-2.5902e-16
7.6907e-16
-1.9124e-16
7.5958e-16
-3.2689e-16
5.1053e-16
-5.1865e-16
4.5057e-16
-4.3848e-16
5.0353e-16
-5.1979e-16
2.8096e-16
-6.8475e-16
2.8785e-16
-5.313e-16
3.8146e-16
-5.6973e-16
3.4557e-16
-4.2145e-16
6.32e-16
-2.1008e-16
5.8402e-16
-4.3221e-16
3.8719e-16
-4.5052e-16
4.5399e-16
-4.3565e-16
2.9774e-16
-6.9928e-16
4.1095e-17
-8.4432e-16
-2.8261e-18
-8.7975e-16
-9.9943e-17
-9.7718e-16
-2.033e-16
-9.6499e-16
-1.4389e-16
-8.4668e-16
9.197e-17
-5.4745e-16
4.4581e-16
-1.3798e-16
8.4064e-16
1.7618e-16
1.0229e-15
2.672e-16
1.0809e-15
3.7331e-16
1.2251e-15
5.1274e-16
1.23e-15
3.318e-16
9.0445e-16
-1.0291e-17
5.8902e-16
-3.012e-16
2.3586e-16
-7.5331e-16
-3.219e-16
-1.2857e-15
-6.7143e-16
-1.2772e-15
-1.9226e-16
-3.1258e-16
1.0428e-15
7.7315e-16
1.4679e-15
3.4183e-16
3.406e-16
-1.0201e-15
-8.1093e-16
-1.6982e-15
-9.6395e-16
-1.4364e-15
-4.5126e-16
-7.6289e-16
2.9115e-16
-1.3211e-17
9.4135e-16
4.911e-16
1.2522e-15
6.4466e-16
1.3459e-15
7.331e-16
1.3816e-15
6.3762e-16
1.0874e-15
1.5703e-16
4.8984e-16
-4.3001e-16
1.731e-17
-7.0364e-16
-1.0036e-16
-7.3276e-16
-1.2412e-16
-7.8305e-16
-2.3134e-16
-8.7292e-16
-2.3335e-16
-7.565e-16
-1.1776e-16
-6.6672e-16
2.0444e-17
-5.026e-16
1.7469e-16
-3.472e-16
3.1755e-16
-2.0768e-16
4.464e-16
-8.7422e-17
4.9931e-16
-1.5683e-16
3.2937e-16
-3.3205e-16
2.186e-16
-3.4926e-16
2.3231e-16
-3.3169e-16
2.1483e-16
-3.6947e-16
1.6377e-16
-4.0604e-16
1.4597e-16
-3.8113e-16
2.0716e-16
-2.919e-16
2.8082e-16
-2.3233e-16
3.3552e-16
-1.9196e-16
3.5692e-16
-1.4451e-16
4.4067e-16
-7.8698e-17
4.3856e-16
-1.4523e-16
3.315e-16
-2.2332e-16
3.052e-16
-2.16e-16
3.1283e-16
-2.1976e-16
2.8481e-16
-2.929e-16
1.7914e-16
-3.8285e-16
1.1247e-16
-3.6469e-16
2.0947e-16
-2.2763e-16
3.0509e-16
-1.8514e-16
3.102e-16
-1.8061e-16
3.2234e-16
-1.5719e-16
3.5106e-16
-1.4091e-16
3.4799e-16
-1.5236e-16
2.9134e-16
-1.9824e-16
3.5837e-16
-2.2557e-17
5.5145e-16
8.1688e-17
4.4547e-16
-2.2646e-16
4.9387e-17
-5.458e-16
-7.3825e-17
-4.5658e-16
1.6816e-16
-1.2695e-16
4.9157e-16
1.3178e-16
6.0447e-16
2.0797e-17
2.0666e-16
-5.9036e-16
-3.8157e-16
-8.6503e-16
-1.4963e-16
-1.4164e-16
7.813e-16
6.1303e-16
1.0268e-15
2.0927e-16
8.0765e-17
-8.7204e-16
-6.2689e-16
-8.6993e-16
1.0884e-17
2.262e-17
6.7993e-16
1.8816e-16
4.4854e-16
-1.6124e-16
1.4994e-16
-3.59e-16
-1.6963e-17
-5.084e-16
-1.0305e-16
-4.5366e-16
9.9251e-17
-1.7304e-16
3.4265e-16
-2.7958e-17
3.9698e-16
-5.0754e-17
2.9837e-16
-2.0789e-16
6.1307e-17
-4.671e-16
-1.2052e-16
-4.7294e-16
7.0378e-17
-1.7179e-16
3.0679e-16
-1.1889e-16
1.8234e-16
-3.2631e-16
1.6682e-17
-3.9577e-16
-2.1022e-17
-5.1306e-16
-1.8685e-16
-5.6575e-16
-8.2964e-17
-3.458e-16
1.4462e-16
-1.9235e-16
1.9533e-16
-1.6111e-16
2.5484e-16
-1.473e-16
1.4372e-16
-3.4454e-16
5.9539e-18
-2.8791e-16
2.3953e-16
-2.4832e-17
3.8951e-16
1.7756e-17
3.9046e-16
1.5818e-18
3.4392e-16
-6.3815e-17
2.5988e-16
-1.4441e-16
1.8778e-16
-1.8114e-16
2.1107e-16
-9.6699e-17
3.362e-16
6.9105e-17
5.1935e-16
1.8239e-16
5.1627e-16
9.8006e-17
3.6825e-16
-4.5669e-17
3.0049e-16
-2.3143e-17
3.7355e-16
6.3831e-17
4.3017e-16
6.4534e-17
3.3658e-16
-1.0509e-16
1.2804e-16
-3.1949e-16
-5.586e-17
-4.5822e-16
-1.8054e-16
-6.1056e-16
-3.3223e-16
-6.7776e-16
-2.588e-16
-4.7748e-16
-4.0854e-17
-3.3122e-16
-1.7889e-17
-3.8955e-16
-5.1174e-17
-2.7929e-16
2.8449e-16
2.949e-16
9.9226e-16
9.4369e-16
1.2698e-15
7.7022e-16
7.1818e-16
-2.7756e-17
-1.1015e-16
-7.3812e-16
-6.2493e-16
-1.0384e-15
-7.1071e-16
-9.2922e-16
-4.6249e-16
-5.898e-16
-1.1897e-16
-3.0469e-16
7.5176e-17
-1.5521e-16
2.5194e-16
5.8165e-17
4.4729e-16
1.0821e-16
2.9521e-16
-2.2944e-16
