2.4969e-16
1.2341e-16
4.2845e-16
2.3996e-16
4.5902e-16
1.5087e-16
2.6913e-16
-9.0939e-17
7.4332e-17
-1.8858e-16
8.2345e-17
-1.0986e-16
1.8486e-16
-3.1225e-17
1.7217e-16
-1.1536e-16
1.8215e-17
-3.1702e-16
-1.7738e-16
-4.5927e-16
-2.2313e-16
-4.2284e-16
-1.1232e-16
-2.5091e-16
1.0038e-16
-1.6666e-17
3.2281e-16
1.3943e-16
4.0614e-16
1.3137e-16
2.8802e-16
-6.6644e-17
7.7695e-17
-1.9805e-16
8.8859e-17
-3.1259e-17
3.067e-16
8.7588e-17
2.557e-16
-1.273e-16
-3.0764e-17
-3.6397e-16
-1.5786e-16
-3.747e-16
-7.6328e-17
-2.498e-16
5.5511e-17
-1.3878e-16
8.3267e-17
-1.1102e-16
1.5266e-16
-9.7145e-17
1.9429e-16
6.9389e-18
3.296e-16
1.4658e-16
4.0723e-16
1.3542e-16
2.6408e-16
-1.2399e-16
-1.9458e-17
-3.2616e-16
-6.7013e-17
-1.9814e-16
1.4395e-16
-3.2466e-17
1.5954e-16
-1.8602e-16
-6.0473e-17
-3.7443e-16
-1.6082e-16
-3.8437e-16
-7.5979e-17
-2.2044e-16
1.3625e-16
6.3132e-18
3.4573e-16
1.6932e-16
4.493e-16
1.9251e-16
3.8729e-16
6.3468e-17
2.2419e-16
-1.2412e-16
5.3683e-17
-2.0421e-16
6.5186e-17
-1.362e-16
1.5771e-16
-6.3772e-17
1.5974e-16
-1.6726e-16
-3.265e-17
-3.9e-16
-2.2119e-16
-4.5311e-16
-1.784e-16
-3.3477e-16
-8.7491e-18
-1.2474e-16
2.32e-16
1.1083e-16
4.3954e-16
2.2536e-16
4.14e-16
4.8276e-17
1.6093e-16
-1.9254e-16
-1.5188e-17
-3.0002e-16
-7.9508e-17
-3.0211e-16
3.761e-17
-1.3739e-16
1.4029e-16
-1.9804e-16
-6.7375e-17
-4.3545e-16
-2.8475e-16
-5.512e-16
-2.9065e-16
-4.9193e-16
-1.566e-16
-2.3741e-16
2.2028e-16
1.8917e-16
6.0083e-16
4.4636e-16
6.8427e-16
3.5433e-16
4.5244e-16
2.8901e-17
1.0898e-16
-2.4922e-16
-3.7683e-17
-2.4098e-16
1.0553e-16
-4.6171e-17
2.3694e-16
-6.1843e-17
3.8118e-17
-4.0993e-16
-3.8493e-16
-8.0264e-16
-6.6151e-16
-9.1177e-16
-5.8885e-16
-5.6402e-16
6.7813e-17
3.4961e-16
1.1201e-15
1.3012e-15
1.7223e-15
1.3626e-15
1.1833e-15
3.1613e-16
-1.0264e-16
-8.5466e-16
-7.8614e-16
-8.9453e-16
-3.6088e-16
-4.607e-16
-3.024e-16
-8.0175e-16
-6.9941e-16
-7.9351e-16
-7.3566e-17
3.2428e-16
1.1574e-15
1.2959e-15
1.6239e-15
1.1891e-15
1.0182e-15
2.4991e-16
-8.8329e-17
-8.3784e-16
-9.2785e-16
-1.3397e-15
-1.0024e-15
-9.8171e-16
-4.024e-16
-3.3233e-16
1.2528e-16
1.0536e-18
2.6268e-16
-8.7263e-18
1.9402e-16
-7.6913e-17
1.4972e-16
-7.8073e-17
1.9072e-16
-3.5501e-18
3.306e-16
1.8599e-16
5.1302e-16
2.8771e-16
4.9097e-16
1.4821e-16
2.719e-16
-1.1923e-16
-1.1961e-18
-3.5219e-16
-1.4524e-16
-3.6092e-16
-1.6658e-17
-1.4504e-16
1.8375e-16
-3.1895e-17
2.2262e-16
-2.1017e-17
2.5001e-16
-1.2142e-17
1.9601e-16
-8.2559e-17
1.2944e-16
-1.2712e-16
1.3413e-16
-7.3713e-17
2.1899e-16
1.631e-17
2.8351e-16
1.9309e-17
2.1914e-16
-1.1451e-16
4.5761e-17
-2.8012e-16
-7.264e-17
-3.4375e-16
-6.7022e-17
-2.7791e-16
7.7019e-18
-1.99e-16
8.093e-17
-1.3401e-16
1.3512e-16
-9.6273e-17
1.4474e-16
-1.1489e-16
1.0812e-16
-1.8846e-16
3.7431e-17
-2.2381e-16
5.4877e-17
-9.3799e-17
2.1198e-16
-2.5092e-17
2.1674e-16
-7.5792e-17
1.2123e-16
-1.6961e-16
4.1061e-17
-2.3784e-16
-1.3473e-17
-2.7615e-16
-1.4369e-17
-2.4887e-16
3.7542e-17
-1.7506e-16
1.4709e-16
-3.3378e-17
2.738e-16
-9.9271e-19
1.6035e-16
-2.186e-16
-8.7983e-17
-3.7965e-16
-8.1554e-17
-2.0991e-16
1.9328e-16
6.3057e-17
3.7361e-16
1.0621e-16
3.0162e-16
-5.4532e-17
3.1085e-17
-3.7003e-16
-2.0474e-16
-4.3146e-16
-3.5267e-17
-6.0804e-17
3.9437e-16
2.4641e-16
4.3054e-16
-2.1433e-17
-2.6252e-17
-4.3753e-16
-1.847e-16
-2.6609e-16
1.5992e-16
2.665e-17
2.8e-16
-8.5845e-18
2.0234e-16
-6.0887e-17
1.9458e-16
-8.8428e-17
1.2334e-16
-1.718e-16
8.9438e-17
-1.2505e-16
1.6569e-16
-9.4377e-17
1.4024e-16
-6.871e-17
1.5432e-16
-3.6108e-17
2.1559e-16
-6.7865e-17
1.0313e-16
-2.2207e-16
3.1384e-17
-1.2882e-16
2.237e-16
1.1911e-17
2.1336e-16
-1.1346e-16
1.0893e-16
-9.0065e-17
2.4678e-16
1.7354e-17
2.1321e-16
-1.4755e-16
8.2451e-17
-8.1359e-17
3.0368e-16
6.4223e-17
2.0457e-16
-1.8117e-16
8.657e-17
2.6284e-18
3.7769e-16
2.1836e-17
1.3321e-17
-3.8767e-16
-9.5382e-18
-1.5316e-17
3.1466e-16
-6.2523e-17
6.903e-18
-2.7243e-16
1.0696e-16
-2.8255e-17
2.094e-16
-1.6311e-16
3.0026e-18
-2.2861e-16
1.3298e-16
-3.5552e-17
2.2081e-16
-1.0374e-16
1.1053e-16
-1.3312e-16
1.9144e-16
-1.5937e-17
1.9073e-16
-1.9292e-16
-5.4727e-17
-3.4771e-16
-3.5964e-17
-1.9817e-16
1.1183e-16
-1.3992e-16
8.4939e-17
-1.8717e-16
8.6159e-17
-1.4086e-16
1.2991e-16
-1.4396e-16
8.3398e-17
-1.5941e-16
1.224e-16
-7.4614e-17
2.6691e-16
9.0876e-17
4.0868e-16
2.1425e-16
4.9335e-16
1.9508e-16
2.9496e-16
-1.9333e-16
-2.1461e-16
-6.7718e-16
-4.9156e-16
-6.7317e-16
-2.9705e-16
-4.9765e-16
-2.9226e-16
-6.3306e-16
-3.9757e-16
-5.204e-16
-5.7249e-18
4.4621e-17
5.69e-16
5.0048e-16
8.5806e-16
6.1794e-16
7.9803e-16
3.52e-16
3.2586e-16
-2.5625e-16
-2.1696e-16
-5.6248e-16
-2.0643e-16
-2.736e-16
1.913e-16
9.1639e-17
4.2959e-16
1.9958e-16
4.4329e-16
1.3401e-16
3.0568e-16
-4.5504e-17
1.2147e-16
-1.9155e-16
2.855e-17
-2.3381e-16
3.9786e-17
-2.0177e-16
8.6506e-17
-1.2769e-16
1.5659e-16
-9.1718e-17
1.1912e-16
-2.2351e-16
-8.2058e-17
-4.111e-16
-1.6807e-16
-3.4998e-16
5.0895e-18
-1.549e-16
1.4435e-16
-9.6383e-17
1.9585e-16
-3.4135e-17
2.6307e-16
-1.324e-17
1.7678e-16
-1.8514e-16
1.8166e-17
-2.6275e-16
2.179e-17
-1.9965e-16
9.6944e-17
-1.2022e-16
1.8758e-16
-1.2899e-17
2.6664e-16
-1.6569e-17
1.4579e-16
-2.2931e-16
-4.8862e-17
-2.9282e-16
3.2114e-17
-1.6077e-16
1.36e-16
-1.05e-16
2.0371e-16
1.2793e-17
3.4978e-16
1.0832e-16
3.2158e-16
-6.3754e-17
7.6545e-17
-2.7614e-16
-4.5416e-17
-3.0434e-16
1.4949e-17
-1.6777e-16
1.8014e-16
-4.0978e-18
3.3107e-16
9.2211e-17
2.9617e-16
-8.5878e-17
1.9508e-17
-3.6138e-16
-1.4547e-16
-3.5112e-16
-2.9661e-17
-2.261e-16
1.0972e-16
-4.4015e-17
3.7872e-16
2.7286e-16
5.7131e-16
1.6366e-16
1.2822e-16
-4.7517e-16
-4.3884e-16
-7.2917e-16
-3.3415e-16
-3.7817e-16
1.2317e-16
1.4398e-16
6.9736e-16
6.7307e-16
9.2287e-16
3.1919e-16
-1.3184e-16
-1.2004e-15
-1.3531e-15
-1.4259e-15
-3.6386e-16
4.2501e-16
1.5256e-15
1.5621e-15
1.4626e-15
2.9864e-16
-5.1292e-16
-1.534e-15
-1.3677e-15
-1.0751e-15
5.3722e-17
5.0053e-16
1.0381e-15
6.4015e-16
5.9606e-16
3.8415e-17
8.1048e-17
-3.6077e-16
-2.553e-16
-6.2532e-16
-3.3749e-16
-4.3102e-16
1.0029e-16
9.0206e-17
5.0307e-16
2.6064e-16
4.4409e-16
7.3292e-17
1.8215e-16
-2.1858e-16
-1.2512e-16
-5.0003e-16
-2.5853e-16
-4.259e-16
2.72e-17
-3.81e-17
3.5326e-16
8.0878e-17
2.6656e-16
-9.1454e-17
1.1078e-16
-2.1531e-16
1.665e-18
-3.4278e-16
-1.1218e-16
-3.4753e-16
4.4346e-17
-6.464e-17
3.383e-16
1.3743e-16
4.1393e-16
1.1521e-16
3.1767e-16
-3.8598e-17
1.1276e-16
-2.5847e-16
1.0408e-17
-2.2898e-16
9.0206e-17
-2.7756e-17
3.2613e-16
9.0206e-17
3.2613e-16
5.8981e-17
2.6151e-16
-5.2909e-17
1.5499e-16
-1.6165e-16
6.489e-17
-2.1049e-16
9.3091e-17
-9.3373e-17
2.8399e-16
1.0441e-16
4.2508e-16
1.3961e-16
3.2173e-16
-8.4955e-17
5.7456e-17
-3.1391e-16
-1.0825e-16
-4.0596e-16
-1.2757e-16
-3.5745e-16
-4.3641e-17
-2.6365e-16
2.5501e-17
-2.7142e-16
-6.2366e-17
-3.6537e-16
-1.3989e-16
-4.3963e-16
-2.2357e-16
-4.8483e-16
-1.8389e-16
-3.544e-16
7.9785e-17
-4.8175e-18
3.9835e-16
1.7431e-16
3.7814e-16
-2.6254e-17
1.0366e-16
-2.8166e-16
-5.0201e-17
-2.9567e-16
4.5463e-17
-1.5454e-16
1.6778e-16
-5.5277e-17
2.7831e-16
1.0282e-16
4.9536e-16
3.3491e-16
6.8864e-16
4.5323e-16
6.9347e-16
3.2187e-16
4.1856e-16
-9.7363e-17
-1.0801e-16
-6.3972e-16
-5.6997e-16
-8.7336e-16
-4.8456e-16
-5.2675e-16
-2.1409e-17
-1.0572e-16
2.6301e-16
2.459e-17
2.6967e-16
-2.4152e-17
2.6107e-16
4.0886e-17
3.9214e-16
1.8737e-16
4.8647e-16
1.7792e-16
3.9686e-16
7.0011e-17
3.065e-16
-5.1238e-18
2.0226e-16
-1.4626e-16
4.8534e-17
-2.7596e-16
-2.9333e-17
-3.0086e-16
1.0943e-18
-2.3917e-16
6.2548e-17
-2.0571e-16
3.0088e-17
-2.8665e-16
-5.0702e-17
-3.7762e-16
-9.8389e-17
-3.2958e-16
1.058e-17
-2.1279e-16
1.0232e-16
-1.421e-16
1.3845e-16
-1.423e-16
1.027e-16
-1.9927e-16
4.4935e-17
-2.5139e-16
6.6667e-18
-2.6994e-16
6.0864e-19
-2.6269e-16
6.8243e-17
-1.1823e-16
2.4781e-16
-1.9524e-17
2.0067e-16
-1.526e-16
9.8791e-17
-1.6907e-16
1.3451e-16
-1.3705e-16
1.5792e-16
-5.9561e-17
3.082e-16
9.6631e-17
4.1584e-16
8.9815e-17
3.1533e-16
-3.6672e-18
2.6029e-16
-4.4907e-17
1.9002e-16
-1.5611e-16
7.3587e-17
-1.7709e-16
1.8543e-16
1.0223e-17
3.587e-16
5.772e-17
2.6153e-16
-1.1091e-16
1.0082e-16
-2.4226e-16
7.8941e-18
-2.7644e-16
3.2415e-17
-2.0445e-16
1.7474e-16
-2.0059e-17
3.3934e-16
6.4459e-17
3.1711e-16
-1.669e-17
2.0747e-16
-1.3174e-16
4.7133e-17
-3.7564e-16
-1.5519e-16
-3.8499e-16
1.4811e-16
1.8179e-16
6.8608e-16
3.7775e-16
3.8999e-16
-2.8549e-16
-3.1229e-16
-7.2449e-16
-3.2494e-16
-3.3764e-16
2.8175e-16
2.3823e-16
5.9047e-16
1.8506e-16
2.5129e-16
-2.4227e-16
-8.4251e-17
-4.073e-16
-7.0094e-17
-2.6841e-16
1.2704e-16
-4.6844e-17
3.2562e-16
6.1985e-17
3.0126e-16
-1.0002e-16
6.1562e-17
-3.3406e-16
-6.4834e-17
-3.1114e-16
4.3676e-17
-2.0821e-16
1.1325e-16
-2.0513e-16
8.0014e-17
-2.1943e-16
7.8058e-17
-2.1138e-16
9.0884e-17
-1.9346e-16
1.0782e-16
-1.8492e-16
1.123e-16
-1.599e-16
1.6209e-16
-9.2271e-17
2.4764e-16
-5.2034e-17
2.1496e-16
-1.1505e-16
1.511e-16
-1.6388e-16
1.2019e-16
-1.8082e-16
1.1366e-16
-1.7984e-16
1.0051e-16
-2.2338e-16
3.5017e-17
-2.8848e-16
1.2354e-17
-2.4631e-16
7.8791e-17
-1.9094e-16
1.1062e-16
-1.7244e-16
1.3323e-16
-1.4812e-16
1.7658e-16
-9.4586e-17
2.286e-16
-7.0875e-17
2.2491e-16
-8.7222e-17
2.0012e-16
-1.1162e-16
1.8602e-16
-1.144e-16
1.9411e-16
-1.1253e-16
1.51e-16
-2.1757e-16
2.8139e-17
-2.9951e-16
3.3372e-17
-2.3162e-16
1.2186e-16
-1.3864e-16
2.1447e-16
-5.0316e-17
3.2098e-16
5.6149e-17
4.051e-16
1.8265e-16
5.1443e-16
2.1718e-16
5.1649e-16
1.661e-16
4.7021e-16
1.3962e-16
4.328e-16
1.1919e-16
3.8622e-16
-1.6398e-17
1.2909e-16
-3.8409e-16
-2.8024e-16
-7.4318e-16
-5.2768e-16
-8.5706e-16
-5.4157e-16
-8.1255e-16
-4.8102e-16
-7.299e-16
-3.1555e-16
-4.5323e-16
9.059e-17
2.3253e-17
5.8126e-16
4.9048e-16
9.7835e-16
7.4807e-16
9.9307e-16
4.4037e-16
3.4541e-16
-4.3639e-16
-5.102e-16
-9.4364e-16
-4.3619e-16
-3.7589e-16
3.6488e-16
3.6762e-16
8.2538e-16
4.8873e-16
6.6983e-16
1.7128e-16
3.0594e-16
-1.6131e-16
4.58e-17
-3.6305e-16
-1.5538e-16
-5.9063e-16
-3.7792e-16
-7.5738e-16
-4.2415e-16
-6.8346e-16
-3.1238e-16
-6.0067e-16
-2.6307e-16
-5.6746e-16
-1.7944e-16
-3.9907e-16
7.1589e-17
-1.1784e-16
3.2679e-16
9.031e-17
4.8795e-16
1.9367e-16
5.6438e-16
2.3372e-16
5.0989e-16
1.3813e-16
4.4394e-16
1.1572e-16
4.3293e-16
5.5119e-17
2.9301e-16
-1.325e-16
1.5232e-16
-1.7384e-16
1.9774e-16
-1.5277e-16
1.155e-16
-3.0394e-16
2.3333e-17
-2.2186e-16
2.1011e-16
-9.2212e-17
2.3045e-16
-1.3235e-16
2.5173e-16
-3.8788e-17
3.0625e-16
-1.0817e-16
1.6302e-16
-2.1343e-16
1.5733e-16
-1.5311e-16
1.653e-16
-2.6058e-16
2.3097e-17
-3.684e-16
-2.1717e-17
-3.55e-16
1.8973e-18
-3.7931e-16
-6.9908e-17
-4.3665e-16
-5.295e-17
-3.3358e-16
1.0549e-16
-1.7413e-16
2.4051e-16
-7.0271e-17
3.198e-16
-2.152e-17
3.2618e-16
-4.823e-17
3.0404e-16
-4.6144e-17
3.4773e-16
1.0503e-17
3.8398e-16
-9.9343e-18
3.1811e-16
-8.8198e-17
2.4856e-16
-1.3875e-16
2.0548e-16
-2.1268e-16
9.7004e-17
-3.5922e-16
-3.0056e-18
-3.5122e-16
1.4058e-16
-6.3089e-17
4.0975e-16
3.4965e-17
3.1325e-16
-2.1664e-16
4.0961e-17
-3.8856e-16
3.0166e-17
-2.5065e-16
2.6058e-16
-2.7345e-17
3.9365e-16
-5.2774e-17
2.0997e-16
-3.1872e-16
-4.42e-17
-5.0948e-16
-1.2096e-16
-4.6886e-16
1.4829e-17
-2.8397e-16
2.0997e-16
-1.3412e-16
2.6291e-16
-2.0189e-16
1.1967e-16
-3.2957e-16
1.0826e-16
-1.9737e-16
3.2328e-16
1.8194e-17
4.6691e-16
2.2921e-17
3.9969e-16
-4.7176e-17
3.6868e-16
-7.4415e-17
3.4074e-16
-1.2054e-16
2.7114e-16
-1.9901e-16
2.0778e-16
-2.3606e-16
2.0749e-16
-2.0984e-16
2.4224e-16
-2.0268e-16
2.2284e-16
-2.4807e-16
1.9293e-16
-2.6014e-16
2.0365e-16
-2.2686e-16
2.7132e-16
-1.5851e-16
3.2266e-16
-1.7e-16
2.5674e-16
-2.498e-16
1.9429e-16
-2.7756e-16
1.9429e-16
-2.7756e-16
1.3878e-16
-4.1633e-16
9.7145e-17
-4.3021e-16
1.1102e-16
-3.799e-16
1.4398e-16
-3.8186e-16
1.4664e-16
-3.6531e-16
2.0701e-16
-2.9878e-16
2.6719e-16
-2.3524e-16
3.7936e-16
-1.2216e-16
4.5595e-16
-1.2394e-16
4.1028e-16
-2.0805e-16
3.7502e-16
-1.9541e-16
4.0546e-16
-2.1037e-16
3.5616e-16
-2.8842e-16
2.8851e-16
-3.5388e-16
2.5631e-16
-3.6516e-16
2.4286e-16
-4.0289e-16
2.3896e-16
-4.0809e-16
2.3961e-16
-3.8598e-16
3.3578e-16
-2.6024e-16
4.635e-16
-1.801e-16
4.7814e-16
-2.4749e-16
6.2512e-16
6.8635e-15
1.6343e-13
3.1241e-12
5.0987e-11
7.0909e-10
8.4043e-09
8.4891e-08
7.3078e-07
5.3614e-06
3.3521e-05
0.00017862
0.00081116
0.0031393
0.010355
0.029106
0.069728
0.14236
0.2477
0.36731
0.46419
0.49995
0.4589
0.35897
0.23932
0.13597
0.065839
0.02717
0.0095552
0.0028639
0.00073155
0.00015925
2.9546e-05
4.6715e-06
6.2949e-07
7.229e-08
7.0751e-09
5.9013e-10
4.1949e-11
2.5415e-12
1.3118e-13
5.9307e-15
1.052e-16
3.63e-17
-2.3139e-16
-4.4952e-17
-2.2124e-16
2.7791e-17
-9.2194e-17
1.5135e-16
-5.6609e-18
1.9023e-16
-2.3369e-18
1.5267e-16
-1.8182e-17
1.3525e-16
-3.5199e-17
1.0625e-16
-5.5291e-17
4.6478e-17
-1.126e-16
-3.0031e-17
-1.5865e-16
-4.7975e-17
-1.2752e-16
-3.5518e-17
-1.5824e-16
-1.2059e-16
-2.2467e-16
-1.0894e-16
-1.3781e-16
-1.0645e-17
-2.5622e-17
6.0739e-17
4.8947e-17
1.3397e-16
1.1068e-16
1.4825e-16
1.0837e-16
1.5503e-16
1.423e-16
1.9172e-16
1.5718e-16
1.4442e-16
6.997e-17
5.9197e-17
1.4955e-17
3.3773e-17
3.9966e-17
1.2395e-17
-2.8139e-17
-8.185e-17
-9.7205e-17
-8.4947e-17
-4.215e-17
-1.3607e-17
2.7318e-17
1.8138e-17
3.6008e-17
9.33e-18
1.9121e-17
-3.1217e-17
-1.2947e-17
-2.6306e-17
1.643e-17
-7.8839e-18
1.7155e-17
-5.0964e-17
-3.6046e-17
-1.2596e-16
-1.0076e-16
-1.7235e-16
-1.2126e-16
-1.9325e-16
-1.591e-16
-2.6796e-16
-2.186e-16
-2.3985e-16
-8.1195e-17
-1.8485e-17
1.4708e-16
1.1381e-16
1.246e-16
-4.0503e-17
-2.2092e-17
-1.0006e-16
3.0877e-17
4.8123e-17
2.3211e-16
2.3926e-16
3.6717e-16
2.7724e-16
2.8186e-16
8.1301e-17
1.697e-17
-1.8637e-16
-1.5982e-16
-2.1362e-16
-1.9858e-17
6.1816e-18
2.0669e-16
1.4418e-16
1.9319e-16
-3.1849e-17
-8.0355e-17
-2.9246e-16
-1.7335e-16
-1.9209e-16
7.6872e-17
8.8055e-17
2.3348e-16
7.1018e-17
1.2817e-16
-3.8109e-17
3.9469e-17
-8.996e-17
-7.0197e-18
-1.4956e-16
-7.9797e-17
-2.3341e-16
-1.355e-16
-2.4546e-16
-1.04e-16
-1.9344e-16
-6.9556e-17
-1.8958e-16
-8.2601e-17
-2.2288e-16
-8.3479e-17
-1.6726e-16
-5.4681e-19
-6.298e-17
1.3239e-16
9.4496e-17
2.8682e-16
1.8665e-16
3.0015e-16
1.3751e-16
2.3396e-16
9.6136e-17
2.6958e-16
1.1211e-16
2.1139e-16
-8.2613e-19
6.1821e-17
-1.0081e-16
7.1156e-17
-4.4572e-17
6.8582e-17
-1.5373e-16
-6.9589e-17
-2.0869e-16
-9.7409e-18
-1.1913e-16
8.4153e-18
-1.4961e-16
3.8151e-17
1.0282e-17
2.1727e-16
6.314e-17
1.2849e-16
-9.375e-17
4.5587e-17
-6.1375e-17
8.6905e-17
-1.0505e-16
-5.5535e-17
-2.9382e-16
-1.9851e-16
-3.5869e-16
-2.2261e-16
-4.0481e-16
-2.8029e-16
-4.7702e-16
-3.1856e-16
-4.6131e-16
-2.5361e-16
-3.392e-16
-8.3168e-17
-1.2197e-16
1.8094e-16
1.5471e-16
4.2027e-16
3.2446e-16
5.0451e-16
3.6698e-16
5.5573e-16
4.5225e-16
6.6719e-16
5.1127e-16
6.0575e-16
3.3535e-16
3.7612e-16
1.1166e-16
1.7611e-16
-9.7059e-17
-8.4605e-17
-4.3903e-16
-4.6277e-16
-7.4652e-16
-5.979e-16
-6.0147e-16
-1.0907e-16
1.5834e-16
7.0886e-16
6.9985e-16
7.2352e-16
1.5926e-16
-1.4524e-16
-7.0132e-16
-7.7577e-16
-9.8914e-16
-7.3228e-16
-7.252e-16
-3.2405e-16
-2.4944e-16
1.7469e-16
2.314e-16
5.7452e-16
5.0162e-16
7.1429e-16
5.7796e-16
7.7858e-16
6.2469e-16
7.6803e-16
4.9961e-16
5.0795e-16
1.2934e-16
1.0011e-16
-2.2685e-16
-1.4864e-16
-3.5699e-16
-1.9171e-16
-3.7226e-16
-2.1309e-16
-3.8579e-16
-2.584e-16
-4.7043e-16
-2.2946e-16
-3.901e-16
-1.864e-16
-3.0182e-16
-6.9548e-17
-1.9991e-16
3.4883e-17
-1e-16
1.3035e-16
-1.5563e-17
2.1071e-16
4.9554e-17
2.1549e-16
-3.1264e-17
8.9026e-17
-1.2438e-16
4.8867e-17
-1.2903e-16
6.1725e-17
-1.2723e-16
3.8887e-17
-1.6137e-16
1.0708e-17
-1.8325e-16
8.5492e-18
-1.538e-16
6.4307e-17
-9.6553e-17
1.0076e-16
-5.3485e-17
1.1799e-16
-3.7164e-17
1.5838e-16
1.4235e-17
2.1606e-16
3.1864e-17
1.916e-16
-3.0334e-17
1.2609e-16
-6.5805e-17
1.2239e-16
-5.7364e-17
1.2579e-16
-6.8085e-17
9.8245e-17
-1.2582e-16
3.0033e-17
-1.8395e-16
8.0268e-18
-1.5269e-16
9.4197e-17
-6.1957e-17
1.3616e-16
-5.2187e-17
1.3665e-16
-5.0048e-17
1.4852e-16
-2.5552e-17
1.7102e-16
-2.1498e-17
1.6592e-16
-3.5831e-17
1.2598e-16
-3.8961e-17
1.9389e-16
9.637e-17
3.1387e-16
9.1e-17
1.7062e-16
-1.5516e-16
-7.999e-17
-3.1219e-16
-9.2575e-17
-2.0142e-16
1.0471e-16
2.7124e-17
3.0891e-16
1.5488e-16
3.1863e-16
-1.0752e-17
-2.5162e-17
-4.327e-16
-3.426e-16
-4.6244e-16
-1.2259e-17
1.1832e-16
5.8241e-16
4.8205e-16
5.4395e-16
9.7041e-18
-1.7325e-16
-6.3048e-16
-4.3614e-16
-3.9763e-16
1.0786e-16
1.582e-16
4.159e-16
1.311e-16
1.972e-16
-9.8593e-17
3.1366e-17
-2.2018e-16
-7.4707e-17
-3.06e-16
-9.5189e-17
-2.2026e-16
7.1414e-17
-3.8511e-17
2.0612e-16
2.8294e-17
2.2452e-16
-1.6743e-17
1.3406e-16
-1.4972e-16
-3.3441e-17
-3.0426e-16
-1.1177e-16
-2.3904e-16
6.8221e-17
-4.535e-17
1.7013e-16
-7.3789e-17
4.6467e-17
-2.011e-16
-3.0442e-17
-2.3218e-16
-7.7483e-17
-3.3127e-16
-1.3054e-16
-3.1054e-16
-4.6476e-17
-1.5892e-16
9.4931e-17
-1.0008e-16
1.0739e-16
-6.9448e-17
1.3866e-16
-9.523e-17
3.2159e-17
-2.2255e-16
-8.3187e-18
-1.2121e-16
1.7535e-16
2.3774e-17
2.3548e-16
3.9589e-17
2.309e-16
1.8461e-17
1.953e-16
-3.4774e-17
1.3788e-16
-8.612e-17
1.0483e-16
-9.3113e-17
1.3797e-16
-2.198e-17
2.3834e-16
9.6431e-17
3.4678e-16
1.3493e-16
2.8885e-16
5.4834e-17
2.1416e-16
-2.179e-17
1.8822e-16
1.3347e-17
2.5329e-16
6.4467e-17
2.6795e-16
3.754e-17
1.8506e-16
-9.8712e-17
2.8085e-17
-2.2515e-16
-6.9884e-17
-3.1609e-16
-1.706e-16
-4.2381e-16
-2.443e-16
-4.2204e-16
-1.4408e-16
-2.7607e-16
-1.7198e-17
-2.1929e-16
-3.3177e-17
-2.5327e-16
-1.5613e-17
-1.0929e-16
2.949e-16
3.5388e-16
7.841e-16
6.8001e-16
8.2573e-16
4.0939e-16
3.3307e-16
-1.5613e-16
-1.8431e-16
-5.6032e-16
-4.6355e-16
-6.9172e-16
-4.5433e-16
-5.6994e-16
-2.507e-16
-3.3796e-16
-3.9456e-17
-1.8013e-16
6.8359e-17
-7.3128e-17
1.9943e-16
7.5543e-17
2.9615e-16
3.7657e-17
1.337e-16
-2.228e-16
-1.4079e-16
-4.0323e-16
-1.5122e-16
-2.2313e-16
1.7575e-16
1.3184e-16
4.3715e-16
2.6151e-16
4.6577e-16
1.9906e-16
3.8424e-16
1.2143e-16
2.9599e-16
3.3827e-17
2.2329e-16
3.0005e-17
2.8449e-16
1.2896e-16
3.7051e-16
1.6413e-16
3.4756e-16
6.8979e-17
1.7582e-16
-1.7563e-16
-7.8945e-17
-3.7803e-16
-1.858e-16
-3.3829e-16
-3.2213e-17
-1.3658e-16
1.5389e-16
-2.5013e-17
1.766e-16
-7.4444e-17
8.4351e-17
-1.7998e-16
-2.6021e-17
-2.897e-16
-1.4225e-16
-2.9837e-16
-4.8572e-17
-1.3878e-16
1.4572e-16
6.245e-17
2.7756e-16
1.0408e-17
1.2013e-16
-2.0556e-16
-8.6031e-17
-3.6071e-16
-1.8293e-16
-3.8952e-16
-1.007e-16
-1.8262e-16
2.0123e-16
1.0193e-16
3.4457e-16
9.5149e-17
2.3868e-16
-3.6381e-17
1.3135e-16
-1.5702e-16
-3.1735e-17
-3.2856e-16
-1.0024e-16
-1.9514e-16
2.3093e-16
1.9684e-16
4.9975e-16
2.5727e-16
3.5055e-16
-3.2661e-17
4.0387e-17
-3.2635e-16
-2.2277e-16
-4.9343e-16
-2.5709e-16
-3.2166e-16
1.5331e-16
2.0109e-16
5.8177e-16
3.7473e-16
4.823e-16
1.0262e-16
1.4696e-16
-2.9986e-16
-3.8328e-16
-9.0075e-16
-7.8445e-16
-6.8786e-16
2.4936e-16
8.9166e-16
1.6311e-15
1.2662e-15
6.7953e-16
-6.0875e-16
-1.2692e-15
-1.8015e-15
-1.2334e-15
-5.7926e-16
6.8077e-16
1.2309e-15
1.5985e-15
8.9802e-16
3.3749e-16
-5.9582e-16
-7.1846e-16
-8.9799e-16
-4.265e-16
-3.594e-16
1.4008e-16
1.6524e-16
5.8786e-16
4.8941e-16
6.6111e-16
2.0299e-16
7.6853e-17
-4.2443e-16
-3.3964e-16
-5.0265e-16
-1.2187e-16
-1.8694e-16
1.4469e-16
-5.062e-18
2.7784e-16
1.264e-16
3.7846e-16
1.146e-16
2.0926e-16
-1.5719e-16
-6.0407e-17
-3.2407e-16
-7.9149e-17
-2.328e-16
6.9859e-17
-5.655e-17
2.2304e-16
7.7282e-17
2.9312e-16
3.7787e-17
1.5096e-16
-1.9164e-16
-8.5238e-17
-3.5489e-16
-1.0973e-16
-2.5921e-16
3.8089e-17
-1.4916e-16
9.8919e-17
-8.3159e-17
2.1353e-16
4.4437e-17
2.7875e-16
-2.346e-17
8.6518e-17
-2.2239e-16
-2.7823e-17
-2.1573e-16
6.052e-17
-1.0498e-16
1.4968e-16
-3.5308e-17
2.2329e-16
3.0197e-17
2.2781e-16
-6.9625e-17
6.45e-17
-2.1509e-16
-2.2839e-17
-2.0517e-16
4.4197e-17
-1.6117e-16
9.373e-17
-7.0381e-17
2.3417e-16
1.1751e-16
3.9608e-16
1.6803e-16
3.0618e-16
-2.4166e-17
1.0916e-16
-1.5556e-16
8.0854e-17
-1.1799e-16
1.568e-16
-5.6587e-17
2.029e-16
-1.8465e-17
2.0008e-16
-5.1981e-17
1.0334e-16
-2.0612e-16
-8.311e-17
-3.8554e-16
-2.1497e-16
-4.4271e-16
-1.9261e-16
-3.2443e-16
6.7014e-17
4.1072e-17
4.7143e-16
3.2388e-16
4.5613e-16
-2.3988e-17
-1.0968e-16
-6.04e-16
-5.6461e-16
-8.6656e-16
-6.1349e-16
-7.3151e-16
-3.1523e-16
-2.6402e-16
2.6558e-16
2.9799e-16
6.3795e-16
3.8432e-16
5.1404e-16
2.5035e-16
5.3877e-16
4.3528e-16
7.309e-16
4.2684e-16
4.3846e-16
-5.846e-17
-6.5412e-17
-4.3355e-16
-2.503e-16
-4.5011e-16
-1.6391e-16
-3.3034e-16
-3.578e-17
-1.9193e-16
1.1592e-16
-9.0167e-17
1.5043e-16
-1.2793e-16
1.1427e-16
-9.6293e-17
1.6654e-16
-5.2301e-17
1.5339e-16
-1.0898e-16
1.2344e-16
-4.24e-17
2.7979e-16
1.0279e-16
2.8276e-16
-5.6695e-17
3.6425e-17
-2.2598e-16
5.0734e-17
-1.0975e-16
1.3218e-16
-1.4788e-16
1.7449e-17
-1.9926e-16
1.1666e-16
-6.9118e-18
2.2904e-16
-8.795e-17
3.1337e-17
-2.0353e-16
1.5158e-16
5.1151e-17
2.1004e-16
-1.6641e-16
-7.7664e-17
-2.1353e-16
2.792e-16
1.4812e-16
2.1422e-16
-2.7252e-16
-1.3298e-16
-2.2453e-16
1.6739e-16
-6.6625e-17
2.8658e-17
-3.061e-16
-4.0905e-17
-1.5052e-16
1.6985e-16
-9.3638e-17
3.7912e-17
-2.6122e-16
4.1166e-18
-1.3938e-16
1.3612e-16
-1.2554e-16
2.8304e-17
-2.3684e-16
3.4241e-17
-8.6944e-17
2.1505e-16
-5.8424e-18
1.4655e-16
-1.5836e-16
-2.1766e-17
-2.38e-16
5.2502e-17
-1.5222e-16
7.1024e-17
-1.5697e-16
8.0676e-17
-1.1139e-16
1.5664e-16
-7.2127e-17
1.2026e-16
-1.6083e-16
4.5249e-17
-1.8328e-16
3.2421e-17
-2.2665e-16
-3.8904e-17
-2.6389e-16
9.1996e-17
5.4297e-17
4.2935e-16
1.8398e-16
2.4411e-16
-2.2662e-16
-1.9922e-16
-4.7445e-16
-1.3961e-16
-1.6122e-16
2.9811e-16
1.9704e-16
4.4484e-16
1.1455e-16
2.0844e-16
-1.7625e-16
-5.7747e-17
-3.6249e-16
-1.2662e-16
-2.8415e-16
6.6297e-17
-1.9765e-17
3.306e-16
1.399e-16
3.156e-16
-2.6765e-17
6.9563e-17
-2.5185e-16
-3.0461e-17
-2.1366e-16
9.267e-17
-6.5146e-17
2.1294e-16
4.1934e-18
2.5606e-16
3.6442e-17
2.6048e-16
1.7231e-18
2.02e-16
-7.0577e-17
1.1996e-16
-1.5777e-16
3.1859e-17
-2.1765e-16
4.8891e-17
-1.0062e-16
1.9768e-16
-2.8416e-17
2.2159e-16
-4.1923e-17
1.4449e-16
-1.3107e-16
8.7588e-17
-1.411e-16
9.9839e-17
-1.0357e-16
1.5746e-16
-3.2644e-17
2.258e-16
3.1421e-17
2.9567e-16
8.5912e-17
3.003e-16
2.4208e-17
1.7582e-16
-1.4247e-16
1.2955e-17
-2.6748e-16
-4.6314e-17
-2.4881e-16
1.9467e-17
-1.5736e-16
1.1277e-16
-1.0251e-16
1.1387e-16
-1.4347e-16
4.2124e-17
-2.2525e-16
2.7348e-18
-2.2479e-16
2.3885e-17
-2.0333e-16
6.5836e-17
-8.2109e-17
2.6706e-16
1.1637e-16
3.8417e-16
1.0084e-16
2.3285e-16
-1.3621e-16
-4.7828e-17
-3.93e-16
-2.5475e-16
-5.2428e-16
-2.6035e-16
-4.1316e-16
-7.7325e-17
-2.2323e-16
5.9314e-17
-1.388e-16
8.6971e-17
-1.532e-16
4.4473e-17
-2.2087e-16
-2.7272e-17
-2.2157e-16
1.2286e-16
1.1592e-16
6.9114e-16
7.3983e-16
1.2447e-15
1.0705e-15
1.1632e-15
5.4646e-16
2.822e-16
-5.2357e-16
-8.1753e-16
-1.4424e-15
-1.3899e-15
-1.5129e-15
-8.8469e-16
-5.1156e-16
3.5434e-16
5.8934e-16
9.5009e-16
5.583e-16
5.4443e-16
2.3229e-16
6.3106e-16
6.7617e-16
1.0366e-15
5.9252e-16
3.0088e-16
-6.0211e-16
-9.8753e-16
-1.6203e-15
-1.4858e-15
-1.5126e-15
-8.4635e-16
-5.4519e-16
2.142e-16
3.5944e-16
8.29e-16
6.694e-16
8.837e-16
5.4887e-16
5.9223e-16
1.5655e-16
1.7849e-16
-1.997e-16
-1.316e-17
-2.032e-16
1.2371e-16
-2.0866e-18
2.6863e-16
1.3143e-18
1.107e-16
-2.8048e-16
-2.2733e-16
-6.0917e-16
-4.5216e-16
-6.9028e-16
-3.5516e-16
-4.1609e-16
4.0061e-17
1.7496e-17
4.0839e-16
2.6032e-16
5.3776e-16
3.1398e-16
5.2042e-16
2.0817e-16
2.9143e-16
-8.3267e-17
8.3267e-17
-1.3878e-16
2.0817e-16
4.1633e-17
3.0531e-16
3.4694e-17
2.4633e-16
-5.8113e-17
7.069e-17
-2.9198e-16
-1.7317e-16
-4.5017e-16
-1.8984e-16
-3.3181e-16
1.7739e-17
-9.5534e-17
