-0.00016406
-0.00016455
-0.00016505
-0.00016555
-0.00016605
-0.00016655
-0.00016705
-0.00016756
-0.00016806
-0.00016856
-0.00016907
-0.00016958
-0.00017008
-0.00017059
-0.0001711
-0.00017161
-0.00017213
-0.00017264
-0.00017315
-0.00017367
-0.00017418
-0.0001747
-0.00017522
-0.00017574
-0.00017626
-0.00017678
-0.0001773
-0.00017782
-0.00017835
-0.00017887
-0.0001794
-0.00017993
-0.00018045
-0.00018098
-0.00018152
-0.00018205
-0.00018258
-0.00018312
-0.00018365
-0.00018419
-0.00018473
-0.00018527
-0.00018581
-0.00018635
-0.0001869
-0.00018744
-0.00018799
-0.00018853
-0.00018908
-0.00018963
-0.00019018
-0.00019074
-0.00019129
-0.00019184
-0.0001924
-0.00019296
-0.00019351
-0.00019407
-0.00019463
-0.0001952
-0.00019576
-0.00019633
-0.00019689
-0.00019746
-0.00019803
-0.0001986
-0.00019917
-0.00019974
-0.00020032
-0.00020089
-0.00020147
-0.00020205
-0.00020263
-0.00020321
-0.0002038
-0.00020438
-0.00020497
-0.00020556
-0.00020615
-0.00020674
-0.00020733
-0.00020793
-0.00020852
-0.00020912
-0.00020972
-0.00021032
-0.00021092
-0.00021153
-0.00021213
-0.00021274
-0.00021335
-0.00021396
-0.00021457
-0.00021518
-0.0002158
-0.00021642
-0.00021703
-0.00021766
-0.00021828
-0.0002189
-0.00021953
-0.00022016
-0.00022079
-0.00022142
-0.00022206
-0.00022269
-0.00022333
-0.00022397
-0.00022461
-0.00022526
-0.0002259
-0.00022655
-0.0002272
-0.00022785
-0.00022851
-0.00022916
-0.00022982
-0.00023048
-0.00023114
-0.00023181
-0.00023247
-0.00023314
-0.00023381
-0.00023448
-0.00023516
-0.00023583
-0.00023651
-0.00023719
-0.00023788
-0.00023856
-0.00023925
-0.00023994
-0.00024063
-0.00024132
-0.00024201
-0.00024271
-0.00024341
-0.00024411
-0.00024482
-0.00024553
-0.00024623
-0.00024695
-0.00024766
-0.00024838
-0.0002491
-0.00024982
-0.00025054
-0.00025127
-0.00025199
-0.00025273
-0.00025346
-0.00025419
-0.00025493
-0.00025567
-0.00025642
-0.00025716
-0.00025791
-0.00025866
-0.00025942
-0.00026017
-0.00026093
-0.0002617
-0.00026246
-0.00026323
-0.000264
-0.00026477
-0.00026555
-0.00026633
-0.00026711
-0.0002679
-0.00026869
-0.00026948
-0.00027028
-0.00027108
-0.00027188
-0.00027269
-0.0002735
-0.00027431
-0.00027513
-0.00027595
-0.00027677
-0.00027759
-0.00027842
-0.00027926
-0.0002801
-0.00028094
-0.00028178
-0.00028263
-0.00028348
-0.00028434
-0.0002852
-0.00028606
-0.00028692
-0.00028779
-0.00028867
-0.00028954
-0.00029042
-0.00029131
-0.0002922
-0.00029309
-0.00029398
-0.00029488
-0.00029579
-0.0002967
-0.00029761
-0.00029852
-0.00029944
-0.00030037
-0.0003013
-0.00030223
-0.00030317
-0.00030411
-0.00030506
-0.00030601
-0.00030696
-0.00030792
-0.00030889
-0.00030986
-0.00031083
-0.00031181
-0.00031279
-0.00031378
-0.00031477
-0.00031577
-0.00031677
-0.00031778
-0.00031879
-0.00031981
-0.00032083
-0.00032186
-0.00032289
-0.00032392
-0.00032497
-0.00032601
-0.00032706
-0.00032812
-0.00032918
-0.00033025
-0.00033132
-0.0003324
-0.00033348
-0.00033457
-0.00033567
-0.00033677
-0.00033788
-0.00033899
-0.00034012
-0.00034124
-0.00034238
-0.00034352
-0.00034466
-0.00034582
-0.00034698
-0.00034814
-0.00034932
-0.0003505
-0.00035168
-0.00035288
-0.00035408
-0.00035528
-0.0003565
-0.00035772
-0.00035894
-0.00036018
-0.00036142
-0.00036266
-0.00036392
-0.00036518
-0.00036645
-0.00036772
-0.000369
-0.00037029
-0.00037159
-0.00037289
-0.00037421
-0.00037553
-0.00037686
-0.00037819
-0.00037954
-0.0003809
-0.00038226
-0.00038364
-0.00038502
-0.00038642
-0.00038782
-0.00038924
-0.00039066
-0.0003921
-0.00039355
-0.000395
-0.00039647
-0.00039795
-0.00039943
-0.00040093
-0.00040244
-0.00040395
-0.00040547
-0.000407
-0.00040854
-0.00041009
-0.00041164
-0.00041321
-0.00041478
-0.00041637
-0.00041797
-0.00041957
-0.00042119
-0.00042283
-0.00042448
-0.00042614
-0.00042782
-0.00042952
-0.00043123
-0.00043296
-0.0004347
-0.00043645
-0.00043822
-0.00044
-0.0004418
-0.00044361
-0.00044543
-0.00044727
-0.00044912
-0.00045098
-0.00045286
-0.00045475
-0.00045665
-0.00045857
-0.00046051
-0.00046246
-0.00046442
-0.0004664
-0.0004684
-0.00047042
-0.00047245
-0.0004745
-0.00047657
-0.00047866
-0.00048077
-0.0004829
-0.00048505
-0.00048721
-0.00048941
-0.00049162
-0.00049385
-0.00049611
-0.00049838
-0.00050069
-0.00050301
-0.00050535
-0.00050772
-0.00051012
-0.00051254
-0.00051498
-0.00051744
-0.00051993
-0.00052245
-0.00052499
-0.00052756
-0.00053015
-0.00053277
-0.00053542
-0.00053809
-0.0005408
-0.00054353
-0.00054629
-0.00054908
-0.00055191
-0.00055476
-0.00055765
-0.00056057
-0.00056352
-0.00056651
-0.00056954
-0.0005726
-0.00057569
-0.00057883
-0.000582
-0.00058521
-0.00058847
-0.00059176
-0.00059509
-0.00059847
-0.00060189
-0.00060536
-0.00060886
-0.00061242
-0.00061602
-0.00061967
-0.00062336
-0.00062711
-0.0006309
-0.00063475
-0.00063865
-0.0006426
-0.00064661
-0.00065067
-0.00065479
-0.00065896
-0.0006632
-0.0006675
-0.00067186
-0.00067628
-0.00068077
-0.00068532
-0.00068995
-0.00069464
-0.00069941
-0.00070425
-0.00070916
-0.00071416
-0.00071923
-0.00072439
-0.00072963
-0.00073496
-0.00074038
-0.0007459
-0.0007515
-0.0007572
-0.000763
-0.00076889
-0.00077489
-0.00078098
-0.00078719
-0.0007935
-0.00079992
-0.00080646
-0.00081312
-0.0008199
-0.00082681
-0.00083385
-0.00084102
-0.00084833
-0.00085577
-0.00086337
-0.0008711
-0.00087899
-0.00088703
-0.00089523
-0.00090358
-0.0009121
-0.00092079
-0.00092966
-0.00093872
-0.00094796
-0.00095741
-0.00096706
-0.00097692
-0.000987
-0.00099731
-0.0010078
-0.0010186
-0.0010296
-0.0010408
-0.0010523
-0.001064
-0.001076
-0.0010883
-0.0011008
-0.0011137
-0.0011269
-0.0011404
-0.0011542
-0.0011684
-0.0011829
-0.0011978
-0.001213
-0.0012287
-0.0012447
-0.0012611
-0.0012779
-0.0012951
-0.0013128
-0.001331
-0.0013497
-0.0013689
-0.0013886
-0.0014089
-0.0014297
-0.0014511
-0.0014732
-0.0014958
-0.0015192
-0.0015432
-0.0015679
-0.0015933
-0.0016195
-0.0016465
-0.0016743
-0.001703
-0.0017325
-0.001763
-0.0017945
-0.001827
-0.0018606
-0.0018953
-0.0019312
-0.0019682
-0.0020066
-0.0020463
-0.0020873
-0.0021298
-0.0021739
-0.0022195
-0.0022669
-0.002316
-0.002367
-0.0024199
-0.0024749
-0.0025321
-0.0025916
-0.0026535
-0.0027179
-0.0027851
-0.002855
-0.002928
-0.0030041
-0.0030836
-0.0031667
-0.0032535
-0.0033443
-0.0034395
-0.0035391
-0.0036436
-0.0037533
-0.0038685
-0.0039896
-0.0041171
-0.0042513
-0.0043929
-0.0045422
-0.0047
-0.0048669
-0.0050437
-0.0052311
-0.00543
-0.0056416
-0.0058668
-0.0061069
-0.0063634
-0.0066375
-0.0069308
-0.0072449
-0.0075812
-0.0079409
-0.0083249
-0.0087328
-0.0091633
-0.0096124
-0.010073
-0.010532
-0.01097
-0.011357
-0.01165
-0.011785
-0.011677
-0.011209
-0.01023
-0.0085441
-0.0059078
-0.002027
0.0034422
0.010887
0.020721
0.033359
0.049179
0.068468
0.091356
0.11774
0.14721
0.17895
0.21172
0.24378
0.27295
0.29671
0.31232
0.31715
0.30893
0.28618
0.24856
0.19723
0.13499
0.066306
-0.0029368
-0.065997
-0.11607
-0.14727
-0.15567
-0.14021
-0.10319
-0.050399
0.0095805
0.066555
0.11047
0.13335
0.13103
0.10429
0.059027
0.0052527
-0.044936
-0.080099
-0.092252
-0.079017
-0.044455
0.0017601
0.046785
0.078092
0.08707
0.071665
0.03715
-0.005337
-0.04221
-0.061786
-0.058186
-0.033406
0.0032728
0.038483
0.059548
0.059153
0.038114
0.0051195
-0.026627
-0.044625
-0.042124
-0.020902
0.0094768
0.035741
0.046648
0.037918
0.014115
-0.013463
-0.032018
-0.033239
-0.01721
0.0076923
0.028957
0.036162
0.026182
0.0047033
-0.016802
-0.027129
-0.021257
-0.0029683
0.017323
0.028371
0.024357
0.008086
-0.01074
-0.021206
-0.017557
-0.0025021
0.014535
0.023199
0.018515
0.0038561
-0.011305
-0.017448
-0.01104
0.0033091
0.015988
0.018755
0.010148
-0.0036782
-0.01324
-0.012228
-0.001761
0.010542
0.016011
0.011044
-0.00044399
-0.0099885
-0.010786
-0.0026087
0.0081736
0.013459
0.0094991
-0.00038145
-0.008469
-0.0086604
-0.0011272
0.0079658
0.011427
0.0067302
-0.0020879
-0.0078203
-0.005975
0.0016438
0.0085664
0.0091027
0.0030426
-0.0043055
-0.006719
-0.0023541
0.004793
0.0084659
0.0056121
-0.0010436
-0.0055346
-0.0039945
0.0019681
0.0068489
0.0062936
0.0010036
-0.0040358
-0.0042302
0.0004046
0.0053802
0.0060369
0.0019155
-0.0029232
-0.0038703
-0.0001792
0.0044231
0.0054525
0.0020381
-0.0023271
-0.0033315
-0.0001199
0.0039542
0.0047872
0.0016594
-0.0021338
-0.0027309
0.00034814
0.0038045
0.0040599
0.00096398
-0.0021451
-0.0020251
0.0010696
0.0037547
0.0031917
9.6113e-05
-0.0021287
-0.0011281
0.0018891
0.003564
0.0021131
-0.00076227
-0.0018479
-1.5303e-05
0.0025838
0.0030131
0.00086616
-0.0013482
-0.0011273
0.0011818
0.0028603
0.0020018
-0.00031664
-0.0013654
2.1214e-05
0.002131
0.0024614
0.00068437
-0.0010292
-0.0006549
0.0012798
0.0024002
0.0013865
-0.00046625
-0.00089076
0.00057156
0.002064
0.0017539
8.3614e-05
-0.00084149
9.2489e-05
0.0016525
0.0018649
0.00050826
-0.00065941
-0.00017603
0.0012821
0.0018222
0.00078423
-0.00045002
-0.00029172
0.0010007
0.0017098
0.00093172
-0.00027006
-0.00031262
0.00081433
0.0015809
0.00098328
-0.00014121
-0.0002815
0.00071071
0.0014623
0.00096819
-6.4764e-05
-0.00022373
0.00067231
0.0013622
0.00090731
-3.1935e-05
-0.00015063
0.00068236
0.0012774
0.00081357
-2.9381e-05
-6.4204e-05
0.00072601
0.0011984
0.00069491
-4.1549e-05
3.834e-05
0.00078903
0.0011127
0.00055795
-5.1485e-05
0.00016045
0.00085592
0.0010079
0.00041153
-4.1652e-05
0.00030222
0.00090867
0.00087468
0.00026954
4.0434e-06
0.00045676
0.00092729
0.0007111
0.00015194
9.6357e-05
0.00060756
0.00089315
0.00052671
8.2733e-05
0.00023519
0.00072866
0.00079532
0.00034499
8.3686e-05
0.00040424
0.0007895
0.00063866
0.00020122
0.00016434
0.00056919
0.00076543
0.0004501
0.00013321
0.00031115
0.00068367
0.00065212
0.00027767
0.00016484
0.0004821
0.00070539
0.00047766
0.0001773
0.00028775
0.00061444
0.00061921
0.00030267
0.00018755
0.00045217
0.00064926
0.00045609
0.00020018
0.000302
0.00057939
0.00056592
0.00029122
0.00021748
0.00045831
0.00059946
0.00040613
0.00021084
0.00033909
0.00056216
0.00049863
0.00026305
0.00025771
0.0004818
0.00054446
0.00034201
0.00022672
0.00039081
0.00054145
0.00041797
0.00023989
0.0003142
0.00050191
0.00047177
0.00028113
0.00026492
0.00044356
0.00049633
0.0003328
0.00024491
0.00038264
0.00049385
0.00038096
0.00024892
0.00033036
0.00047161
0.00041727
0.00026856
0.00029223
0.00043829
0.00043873
0.00029548
0.00026916
0.00040149
0.00044612
0.00032306
0.00025908
0.00036665
0.00044231
0.00034704
0.00025861
0.00033687
0.00043089
0.00036533
0.00026418
0.00031337
0.00041521
0.00037745
0.00027274
0.00029603
0.00039796
0.00038393
0.00028199
0.00028401
0.00038102
0.00038581
0.00029045
0.00027616
0.00036554
0.00038428
0.00029726
0.00027132
0.00035207
0.0003804
0.00030208
0.0002685
0.00034081
0.00037509
0.00030486
0.0002669
0.00033166
0.00036901
0.00030575
0.00026597
0.00032444
0.00036259
0.00030498
0.00026534
0.00031888
0.00035612
0.00030281
0.00026481
0.00031473
0.00034972
0.00029948
0.00026433
0.00031173
0.0003434
0.00029522
0.0002639
0.00030968
0.0003371
0.00029025
0.00026361
0.00030835
0.00033073
0.00028478
0.00026359
0.00030753
0.00032414
0.00027903
0.00026396
0.000307
0.00031722
0.00027321
0.00026484
0.00030651
0.00030984
0.0002676
0.00026631
0.00030579
0.00030196
0.00026248
0.00026839
0.00030452
0.00029358
0.00025816
0.00027101
0.00030239
0.00028485
0.00025493
0.00027397
0.00029912
0.00027599
0.00025305
0.00027696
0.00029448
0.0002674
0.00025269
0.00027955
0.00028839
0.00025954
0.00025385
0.00028121
0.00028093
0.00025296
0.00025632
0.0002814
0.00027243
0.00024818
0.00025965
0.00027967
0.00026346
0.00024557
0.00026316
0.00027573
0.0002548
0.00024525
0.00026599
0.00026965
0.00024735
0.00024697
0.00026724
0.00026188
0.00024194
0.00025006
0.00026618
0.00025328
0.00023914
0.00025348
0.00026246
0.00024504
0.00023906
0.00025599
0.00025627
0.00023838
0.00024116
0.00025642
0.00024846
0.00023431
0.00024432
0.00025404
0.00024036
0.00023323
0.00024705
0.00024882
0.00023355
0.00023473
0.00024785
0.00024161
0.00022932
0.00023757
0.00024573
0.00023396
0.00022821
0.00024001
0.00024067
0.00022767
0.00022971
0.00024035
0.00023369
0.00022414
0.00023232
0.00023762
0.00022663
0.00022377
0.00023405
0.00023209
0.00022145
0.00022564
0.00023322
0.00022523
0.00021933
0.00022783
0.00022926
0.0002192
0.0002201
0.00022824
0.00022312
0.0002158
0.00022216
0.00022562
0.00021687
0.0002155
0.00022323
0.00022033
0.00021265
0.00021715
0.00022157
0.0002142
0.00021153
0.00021846
0.00021702
0.0002096
0.00021272
0.00021739
0.00021118
0.00020794
0.00021404
0.00021338
0.00020647
0.00020877
0.00021324
0.00020785
0.00020457
0.00020997
0.00020956
0.00020324
0.00020517
0.0002092
0.0002043
0.00020133
0.00020618
0.00020563
0.00019994
0.00020184
0.00020526
0.0002006
0.00019821
0.00020262
0.00020164
0.0001966
0.00019871
0.00020138
0.00019682
0.00019521
0.00019919
0.0001976
0.00019329
0.00019574
0.00019749
0.00019303
0.00019234
0.00019581
0.00019352
0.0001901
0.00019285
0.00019356
0.00018932
0.00018962
0.00019238
0.00018945
0.0001871
0.00018998
0.00018954
0.00018578
0.00018701
0.00018881
0.00018545
0.00018433
0.000187
0.00018544
0.00018251
0.00018444
0.00018503
0.00018164
0.00018177
0.0001838
0.00018135
0.00017957
0.00018178
0.00018107
0.00017815
0.00017933
0.0001803
0.00017741
0.00017697
0.00017886
0.000177
0.00017508
0.00017684
0.00017649
0.00017382
0.00017458
0.00017555
0.00017306
0.00017245
0.00017407
0.0001725
0.00017072
0.00017216
0.00017184
0.00016947
0.00017009
0.00017084
0.00016861
0.00016812
0.00016943
0.00016792
0.00016644
0.00016769
0.00016717
0.00016513
0.00016579
0.00016618
0.00016413
0.00016393
0.0001649
0.0001633
0.00016225
0.00016334
0.00016249
0.00016084
0.00016161
0.00016154
0.00015969
0.00015985
0.00016039
0.00015872
0.00015818
0.00015902
0.00015782
0.00015668
0.00015748
0.00015689
0.00015537
0.00015586
0.00015585
0.00015424
0.00015423
0.00015465
0.00015322
0.00015268
0.00015331
0.00015224
0.00015125
0.00015186
0.00015124
0.00014996
0.00015035
0.00015018
0.00014879
0.00014883
0.00014901
0.0001477
0.00014736
0.00014775
0.00014666
0.00014596
0.00014641
0.00014563
0.00014465
0.00014502
0.00014456
0.00014342
0.00014361
0.00014345
0.00014227
0.0001422
0.00014228
0.00014116
0.00014082
0.00014104
0.00014007
0.00013949
0.00013976
0.00013899
0.00013821
0.00013845
0.0001379
0.00013697
0.00013712
0.00013678
0.00013579
0.00013579
0.00013562
0.00013463
0.00013446
0.00013444
0.0001335
0.00013316
0.00013323
0.00013238
0.00013189
0.00013199
0.00013126
0.00013064
0.00013074
0.00013014
0.00012942
0.00012948
0.00012901
0.00012823
0.00012823
0.00012787
0.00012705
0.00012697
0.00012671
0.00012589
0.00012572
0.00012555
0.00012475
0.00012449
0.00012437
0.00012361
0.00012326
0.00012319
0.00012247
0.00012205
0.000122
0.00012134
0.00012085
0.00012081
0.0001202
0.00011967
0.00011961
0.00011907
0.00011849
0.00011842
0.00011793
0.00011732
0.00011723
0.00011679
0.00011616
0.00011604
0.00011564
0.00011501
0.00011486
0.0001145
0.00011386
0.00011368
0.00011336
0.00011272
0.00011251
0.00011221
0.00011158
0.00011135
0.00011106
0.00011044
0.00011018
0.00010992
0.00010931
0.00010903
0.00010877
0.00010818
0.00010788
0.00010763
0.00010704
0.00010673
0.00010649
0.00010591
0.00010559
0.00010535
0.00010479
0.00010445
0.00010421
0.00010366
0.00010332
0.00010308
0.00010254
0.00010219
0.00010195
0.00010141
0.00010107
0.00010082
0.00010029
9.9943e-05
9.9688e-05
9.9169e-05
9.8824e-05
9.8563e-05
9.805e-05
9.7706e-05
9.7439e-05
9.6932e-05
9.6592e-05
9.6317e-05
9.5815e-05
9.5479e-05
9.5197e-05
9.47e-05
9.4369e-05
9.4079e-05
9.3586e-05
9.3261e-05
9.2961e-05
9.2473e-05
9.2154e-05
9.1846e-05
9.1363e-05
9.105e-05
9.0731e-05
9.0254e-05
8.9947e-05
8.9618e-05
8.9147e-05
8.8846e-05
8.8505e-05
8.8042e-05
8.7746e-05
8.7394e-05
8.6939e-05
8.6647e-05
8.6283e-05
8.5837e-05
8.5549e-05
8.5173e-05
8.4738e-05
8.4451e-05
8.4064e-05
8.3641e-05
8.3354e-05
8.2957e-05
8.2546e-05
8.2258e-05
8.1851e-05
8.1454e-05
8.1161e-05
8.0747e-05
8.0364e-05
8.0066e-05
7.9645e-05
7.9276e-05
7.897e-05
7.8545e-05
7.819e-05
7.7874e-05
7.7448e-05
7.7106e-05
7.6778e-05
7.6353e-05
7.6023e-05
7.5682e-05
7.5262e-05
7.494e-05
7.4587e-05
7.4174e-05
7.3859e-05
7.3492e-05
7.3089e-05
7.2778e-05
7.2399e-05
7.2007e-05
7.1696e-05
7.1307e-05
7.0929e-05
7.0614e-05
7.0217e-05
6.9853e-05
6.9532e-05
6.913e-05
6.878e-05
6.8449e-05
6.8047e-05
6.7708e-05
6.7366e-05
6.6967e-05
6.6637e-05
6.6283e-05
6.589e-05
6.5567e-05
6.5201e-05
6.4817e-05
6.4496e-05
6.4119e-05
6.3747e-05
6.3424e-05
6.3039e-05
6.268e-05
6.2351e-05
6.1962e-05
6.1615e-05
6.1277e-05
6.0888e-05
6.0551e-05
6.0202e-05
5.9817e-05
5.9487e-05
5.9127e-05
5.875e-05
5.8422e-05
5.8053e-05
5.7686e-05
5.7357e-05
5.698e-05
5.6624e-05
5.6289e-05
5.5909e-05
5.5564e-05
5.522e-05
5.4841e-05
5.4504e-05
5.415e-05
5.3776e-05
5.3443e-05
5.3079e-05
5.2713e-05
5.238e-05
5.2009e-05
5.1653e-05
5.1315e-05
5.094e-05
5.0593e-05
5.0248e-05
4.9874e-05
4.9534e-05
4.9179e-05
4.881e-05
4.8473e-05
4.811e-05
4.7748e-05
4.741e-05
4.7041e-05
4.6687e-05
4.6344e-05
4.5973e-05
4.5627e-05
4.5277e-05
4.4907e-05
4.4566e-05
4.4208e-05
4.3844e-05
4.3503e-05
4.3138e-05
4.2781e-05
4.2438e-05
4.2069e-05
4.172e-05
4.137e-05
4.1002e-05
4.0658e-05
4.0301e-05
3.9937e-05
3.9594e-05
3.9231e-05
3.8874e-05
3.8528e-05
3.8162e-05
3.7811e-05
3.746e-05
3.7094e-05
3.6748e-05
3.6391e-05
3.6029e-05
3.5684e-05
3.5321e-05
3.4965e-05
3.4618e-05
3.4253e-05
3.3903e-05
3.355e-05
3.3186e-05
3.2839e-05
3.2481e-05
3.2122e-05
3.1775e-05
3.1412e-05
3.1059e-05
3.0708e-05
3.0345e-05
2.9996e-05
2.9641e-05
2.9281e-05
2.8933e-05
2.8574e-05
2.8218e-05
2.7869e-05
2.7507e-05
2.7157e-05
2.6804e-05
2.6443e-05
2.6095e-05
2.5738e-05
2.5381e-05
2.5033e-05
2.4673e-05
2.4321e-05
2.3969e-05
2.3609e-05
2.3261e-05
2.2905e-05
2.2548e-05
2.22e-05
2.1841e-05
2.1488e-05
2.1137e-05
2.0778e-05
2.0429e-05
2.0074e-05
1.9718e-05
1.9369e-05
1.9011e-05
1.8658e-05
1.8307e-05
1.7949e-05
1.7599e-05
1.7245e-05
1.6889e-05
1.654e-05
1.6183e-05
1.583e-05
1.5478e-05
1.5121e-05
1.4771e-05
1.4416e-05
1.406e-05
1.371e-05
1.3354e-05
1.3001e-05
1.2649e-05
1.2292e-05
1.1941e-05
1.1586e-05
1.123e-05
1.0879e-05
1.0522e-05
1.0169e-05
9.8161e-06
9.4591e-06
9.1076e-06
8.7517e-06
8.3964e-06
8.0442e-06
7.6867e-06
7.3336e-06
6.9791e-06
6.6221e-06
6.2697e-06
5.9127e-06
5.5576e-06
5.2039e-06
4.846e-06
4.4925e-06
4.1364e-06
3.7795e-06
3.4259e-06
3.0679e-06
2.7128e-06
2.3574e-06
1.9993e-06
1.645e-06
1.2874e-06
9.3054e-07
5.754e-07
2.1667e-07
-1.3879e-07
-4.9596e-07
-8.5415e-07
-1.2096e-06
-1.5684e-06
-1.9253e-06
-2.2821e-06
-2.6413e-06
-2.9973e-06
-3.3561e-06
-3.7141e-06
-4.0709e-06
-4.4305e-06
-4.7874e-06
-5.1458e-06
-5.5049e-06
-5.8618e-06
-6.2216e-06
-6.5794e-06
-6.9376e-06
-7.2973e-06
-7.6546e-06
-8.0143e-06
-8.3729e-06
-8.731e-06
-9.0911e-06
-9.4489e-06
-9.8084e-06
-1.0168e-05
-1.0526e-05
-1.0886e-05
-1.1245e-05
-1.1604e-05
-1.1964e-05
-1.2322e-05
-1.2682e-05
-1.3041e-05
-1.34e-05
-1.3761e-05
-1.4119e-05
-1.4479e-05
-1.4838e-05
-1.5198e-05
-1.5558e-05
-1.5917e-05
-1.6277e-05
-1.6636e-05
-1.6995e-05
-1.7356e-05
-1.7715e-05
-1.8075e-05
-1.8435e-05
-1.8794e-05
-1.9154e-05
-1.9514e-05
-1.9874e-05
-2.0234e-05
-2.0593e-05
-2.0954e-05
-2.1314e-05
-2.1674e-05
-2.2034e-05
-2.2394e-05
-2.2755e-05
-2.3115e-05
-2.3475e-05
-2.3836e-05
-2.4196e-05
-2.4557e-05
-2.4918e-05
-2.5278e-05
-2.564e-05
-2.6e-05
-2.6361e-05
-2.6722e-05
-2.7083e-05
-2.7445e-05
-2.7806e-05
-2.8168e-05
-2.853e-05
-2.8891e-05
-2.9253e-05
-2.9615e-05
-2.9978e-05
-3.034e-05
-3.0702e-05
-3.1065e-05
-3.1427e-05
-3.1791e-05
-3.2154e-05
-3.2517e-05
-3.288e-05
-3.3244e-05
-3.3608e-05
-3.3971e-05
-3.4335e-05
-3.47e-05
-3.5064e-05
-3.5429e-05
-3.5793e-05
-3.6158e-05
-3.6523e-05
-3.6888e-05
-3.7254e-05
-3.762e-05
-3.7986e-05
-3.8352e-05
-3.8718e-05
-3.9085e-05
-3.9451e-05
-3.9818e-05
-4.0185e-05
-4.0552e-05
-4.092e-05
-4.1287e-05
-4.1655e-05
-4.2024e-05
-4.2392e-05
-4.2761e-05
-4.3129e-05
-4.3498e-05
-4.3868e-05
-4.4237e-05
-4.4607e-05
-4.4976e-05
-4.5347e-05
-4.5717e-05
-4.6088e-05
-4.6458e-05
-4.6829e-05
-4.7201e-05
-4.7572e-05
-4.7944e-05
-4.8315e-05
-4.8687e-05
-4.906e-05
-4.9432e-05
-4.9805e-05
-5.0178e-05
-5.0551e-05
-5.0924e-05
-5.1297e-05
-5.1671e-05
-5.2045e-05
-5.2419e-05
-5.2793e-05
-5.3168e-05
-5.3543e-05
-5.3917e-05
-5.4293e-05
-5.4668e-05
-5.5044e-05
-5.542e-05
-5.5795e-05
-5.6172e-05
-5.6548e-05
-5.6925e-05
-5.7302e-05
-5.7679e-05
-5.8056e-05
-5.8434e-05
-5.8811e-05
-5.9189e-05
-5.9567e-05
-5.9945e-05
-6.0323e-05
-6.0702e-05
-6.108e-05
-6.1459e-05
-6.1838e-05
-6.2217e-05
-6.2597e-05
-6.2976e-05
-6.3356e-05
-6.3736e-05
-6.4117e-05
-6.4497e-05
-6.4878e-05
-6.5259e-05
-6.564e-05
-6.6022e-05
-6.6404e-05
-6.6786e-05
-6.7168e-05
-6.755e-05
-6.7933e-05
-6.8316e-05
-6.8699e-05
-6.9082e-05
-6.9465e-05
-6.9849e-05
-7.0233e-05
-7.0617e-05
-7.1002e-05
-7.1387e-05
-7.1772e-05
-7.2157e-05
-7.2543e-05
-7.2929e-05
-7.3315e-05
-7.3701e-05
-7.4088e-05
-7.4475e-05
-7.4862e-05
-7.525e-05
-7.5638e-05
-7.6026e-05
-7.6415e-05
-7.6804e-05
-7.7193e-05
-7.7583e-05
-7.7973e-05
-7.8363e-05
-7.8754e-05
-7.9145e-05
-7.9536e-05
-7.9928e-05
-8.032e-05
-8.0712e-05
-8.1104e-05
-8.1497e-05
-8.1891e-05
-8.2284e-05
-8.2678e-05
-8.3073e-05
-8.3467e-05
-8.3862e-05
-8.4258e-05
-8.4653e-05
-8.5049e-05
-8.5446e-05
-8.5843e-05
-8.624e-05
-8.6637e-05
-8.7035e-05
-8.7433e-05
-8.7832e-05
-8.8231e-05
-8.863e-05
-8.903e-05
-8.943e-05
-8.983e-05
-9.0231e-05
-9.0632e-05
-9.1034e-05
-9.1436e-05
-9.1838e-05
-9.2241e-05
-9.2644e-05
-9.3047e-05
-9.3451e-05
-9.3855e-05
-9.426e-05
-9.4665e-05
-9.507e-05
-9.5476e-05
-9.5882e-05
-9.6288e-05
-9.6695e-05
-9.7102e-05
-9.751e-05
-9.7918e-05
-9.8327e-05
-9.8735e-05
-9.9145e-05
-9.9555e-05
-9.9965e-05
-0.00010038
-0.00010079
-0.0001012
-0.00010161
-0.00010202
-0.00010244
-0.00010285
-0.00010326
-0.00010368
-0.00010409
-0.00010451
-0.00010492
-0.00010534
-0.00010576
-0.00010617
-0.00010659
-0.00010701
-0.00010743
-0.00010784
-0.00010826
-0.00010868
-0.0001091
-0.00010952
-0.00010994
-0.00011036
-0.00011078
-0.00011121
-0.00011163
-0.00011205
-0.00011247
-0.00011289
-0.00011332
-0.00011374
-0.00011416
-0.00011459
-0.00011501
-0.00011544
-0.00011586
-0.00011629
-0.00011672
-0.00011714
-0.00011757
-0.000118
-0.00011843
-0.00011886
-0.00011929
-0.00011972
-0.00012015
-0.00012058
-0.00012101
-0.00012144
-0.00012188
-0.00012231
-0.00012275
-0.00012318
-0.00012362
-0.00012406
-0.00012449
-0.00012493
-0.00012537
-0.00012581
-0.00012625
-0.00012669
-0.00012713
-0.00012758
-0.00012802
-0.00012846
-0.00012891
-0.00012935
-0.0001298
-0.00013024
-0.00013069
-0.00013114
-0.00013158
-0.00013203
-0.00013248
-0.00013293
-0.00013338
-0.00013383
-0.00013428
-0.00013473
-0.00013518
-0.00013564
-0.00013609
-0.00013654
-0.000137
-0.00013745
-0.00013791
-0.00013836
-0.00013882
-0.00013928
-0.00013974
-0.0001402
-0.00014066
-0.00014112
-0.00014158
-0.00014204
-0.0001425
-0.00014296
-0.00014343
-0.00014389
-0.00014435
-0.00014482
-0.00014529
-0.00014575
-0.00014622
-0.00014669
-0.00014716
-0.00014763
-0.0001481
-0.00014857
-0.00014904
-0.00014951
-0.00014999
-0.00015046
-0.00015093
-0.00015141
-0.00015189
-0.00015236
-0.00015284
-0.00015332
-0.0001538
-0.00015428
-0.00015476
-0.00015524
-0.00015573
-0.00015621
-0.00015669
-0.00015718
-0.00015766
-0.00015815
-0.00015864
-0.00015913
-0.00015962
-0.00016011
-0.0001606
-0.00016109
-0.00016158
-0.00016207
-0.00016257
-0.00016306
-0.00016356
