0.00010165
9.2682e-05
9.7532e-05
0.00010331
9.5183e-05
9.0359e-05
9.8231e-05
9.8965e-05
8.9379e-05
9.0014e-05
9.7651e-05
9.3034e-05
8.5348e-05
9.0705e-05
9.4971e-05
8.6728e-05
8.354e-05
9.1066e-05
9.0172e-05
8.1432e-05
8.3529e-05
8.9839e-05
8.4092e-05
7.8144e-05
8.4145e-05
8.6398e-05
7.8116e-05
7.7037e-05
8.3934e-05
8.1053e-05
7.3607e-05
7.7343e-05
8.178e-05
7.4956e-05
7.1297e-05
7.765e-05
7.7429e-05
6.9617e-05
7.0924e-05
7.653e-05
7.1641e-05
6.6207e-05
7.1309e-05
7.3216e-05
6.5873e-05
6.4983e-05
7.0897e-05
6.8003e-05
6.1583e-05
6.5122e-05
6.8516e-05
6.2145e-05
5.9495e-05
6.5102e-05
6.3994e-05
5.7234e-05
5.9192e-05
6.3471e-05
5.8288e-05
5.437e-05
5.9303e-05
5.964e-05
5.2998e-05
5.3542e-05
5.822e-05
5.4229e-05
4.9498e-05
5.3598e-05
5.5006e-05
4.8756e-05
4.8145e-05
5.2876e-05
4.9951e-05
4.4774e-05
4.8035e-05
5.0168e-05
4.4434e-05
4.2949e-05
4.7518e-05
4.5466e-05
4.0114e-05
4.2623e-05
4.5196e-05
3.9993e-05
3.79e-05
4.2198e-05
4.0805e-05
3.5457e-05
3.7352e-05
4.0143e-05
3.5421e-05
3.2949e-05
3.6941e-05
3.6001e-05
3.0765e-05
3.2205e-05
3.505e-05
3.0717e-05
2.8057e-05
3.1758e-05
3.1082e-05
2.6017e-05
2.7158e-05
2.9941e-05
2.5893e-05
2.3198e-05
2.6646e-05
2.607e-05
2.1206e-05
2.2194e-05
2.4826e-05
2.096e-05
1.8359e-05
2.1599e-05
2.0984e-05
1.6336e-05
1.7299e-05
1.971e-05
1.5936e-05
1.3535e-05
1.6607e-05
1.5832e-05
1.1419e-05
1.2464e-05
1.4588e-05
1.0835e-05
8.7301e-06
1.1657e-05
1.0621e-05
6.4703e-06
7.6786e-06
9.4497e-06
5.6733e-06
3.952e-06
6.7295e-06
5.3527e-06
1.511e-06
2.9363e-06
4.2801e-06
4.7039e-07
-7.8929e-07
1.8057e-06
2.9582e-08
-3.4353e-06
-1.7737e-06
-9.3639e-07
-4.7518e-06
-5.4844e-06
-3.1387e-06
-5.3422e-06
-8.3435e-06
-6.4673e-06
-6.2153e-06
-9.9673e-06
-1.013e-05
-8.1326e-06
-1.0752e-05
-1.3191e-05
-1.117e-05
-1.157e-05
-1.5147e-05
-1.4731e-05
-1.3207e-05
-1.6181e-05
-1.796e-05
-1.5914e-05
-1.7003e-05
-2.0256e-05
-1.9306e-05
-1.8389e-05
-2.1599e-05
-2.264e-05
-2.0739e-05
-2.2506e-05
-2.5263e-05
-2.3887e-05
-2.37e-05
-2.6963e-05
-2.724e-05
-2.5691e-05
-2.8052e-05
-3.0142e-05
-2.8522e-05
-2.9145e-05
-3.2229e-05
-3.1788e-05
-3.0809e-05
-3.3596e-05
-3.4886e-05
-3.3272e-05
-3.4705e-05
-3.7351e-05
-3.6335e-05
-3.6118e-05
-3.9075e-05
-3.9511e-05
-3.8199e-05
-4.0334e-05
-4.2296e-05
-4.0956e-05
-4.1614e-05
-4.442e-05
-4.4066e-05
-4.3352e-05
-4.5956e-05
-4.7061e-05
-4.5737e-05
-4.7254e-05
-4.957e-05
-4.8635e-05
-4.875e-05
-5.1476e-05
-5.1688e-05
-5.0755e-05
-5.2955e-05
-5.4496e-05
-5.3327e-05
-5.4362e-05
-5.6804e-05
-5.6265e-05
-5.6059e-05
-5.8601e-05
-5.9224e-05
-5.8253e-05
-6.0101e-05
-6.188e-05
-6.0921e-05
-6.1634e-05
-6.4067e-05
-6.3843e-05
-6.3487e-05
-6.583e-05
-6.671e-05
-6.5796e-05
-6.7391e-05
-6.9263e-05
-6.8499e-05
-6.9035e-05
-7.1394e-05
-7.138e-05
-7.0995e-05
-7.3174e-05
-7.4174e-05
-7.336e-05
-7.4807e-05
-7.6673e-05
-7.6057e-05
-7.6539e-05
-7.88e-05
-7.8893e-05
-7.856e-05
-8.0627e-05
-8.164e-05
-8.0938e-05
-8.2334e-05
-8.4126e-05
-8.3605e-05
-8.4129e-05
-8.6285e-05
-8.6396e-05
-8.6175e-05
-8.8179e-05
-8.9118e-05
-8.8533e-05
-8.9956e-05
-9.1619e-05
-9.1152e-05
-9.1795e-05
-9.3836e-05
-9.3897e-05
-9.3839e-05
-9.5811e-05
-9.6606e-05
-9.6154e-05
-9.766e-05
-9.9143e-05
-9.871e-05
-9.9535e-05
-0.00010144
-0.00010141
-0.00010157
-0.00010351
-0.00010411
-0.00010382
-0.00010544
-0.00010669
-0.00010631
-0.00010736
-0.00010908
-0.00010895
-0.00010937
-0.00011126
-0.00011163
-0.00011157
-0.00011329
-0.00011425
-0.00011397
-0.00011526
-0.00011673
-0.00011653
-0.00011727
-0.00011904
-0.00011918
-0.00011941
-0.00012118
-0.00012183
-0.00012172
-0.00012323
-0.0001244
-0.0001242
-0.00012527
-0.00012682
-0.0001268
-0.00012738
-0.0001291
-0.00012944
-0.00012962
-0.00013127
-0.00013206
-0.000132
-0.00013337
-0.0001346
-0.00013451
-0.00013548
-0.00013702
-0.00013711
-0.00013766
-0.00013932
-0.00013975
-0.00013996
-0.00014153
-0.00014236
-0.00014237
-0.00014369
-0.0001449
-0.0001449
-0.00014587
-0.00014734
-0.0001475
-0.0001481
-0.00014969
-0.00015013
-0.00015043
-0.00015196
-0.00015275
-0.00015286
-0.00015419
-0.00015531
-0.00015538
-0.00015642
-0.0001578
-0.00015798
-0.0001587
-0.00016021
-0.00016061
-0.00016105
-0.00016255
-0.00016324
-0.00016348
-0.00016485
-0.00016583
-0.00016599
-0.00016714
-0.00016838
-0.00016857
-0.00016946
-0.00017086
-0.0001712
-0.00017183
-0.00017329
-0.00017384
-0.00017425
-0.00017567
-0.00017648
-0.00017675
-0.00017804
-0.00017908
-0.00017932
-0.0001804
-0.00018165
-0.00018193
-0.0001828
-0.00018416
-0.00018458
-0.00018523
-0.00018664
-0.00018724
-0.00018772
-0.00018908
-0.0001899
-0.00019025
-0.00019151
-0.00019253
-0.00019284
-0.00019394
-0.00019513
-0.00019547
-0.00019639
-0.00019769
-0.00019813
-0.00019887
-0.00020022
-0.0002008
-0.00020139
-0.00020273
-0.00020348
-0.00020395
-0.00020522
-0.00020614
-0.00020655
-0.00020772
-0.00020879
-0.00020919
-0.00021023
-0.00021142
-0.00021187
-0.00021276
-0.00021403
-0.00021457
-0.00021532
-0.00021663
-0.00021729
-0.00021792
-0.00021922
-0.00022001
-0.00022055
-0.00022181
-0.00022273
-0.00022323
-0.0002244
-0.00022545
-0.00022593
-0.000227
-0.00022815
-0.00022867
-0.00022963
-0.00023085
-0.00023142
-0.00023227
-0.00023354
-0.00023419
-0.00023494
-0.00023622
-0.00023697
-0.00023764
-0.0002389
-0.00023975
-0.00024036
-0.00024158
-0.00024254
-0.00024311
-0.00024427
-0.00024532
-0.00024589
-0.00024697
-0.0002481
-0.00024869
-0.00024969
-0.00025087
-0.0002515
-0.00025242
-0.00025365
-0.00025433
-0.00025518
-0.00025643
-0.00025718
-0.00025796
-0.00025921
-0.00026003
-0.00026076
-0.000262
-0.00026289
-0.00026359
-0.00026479
-0.00026576
-0.00026643
-0.0002676
-0.00026864
-0.0002693
-0.00027042
-0.00027151
-0.00027219
-0.00027325
-0.0002744
-0.00027509
-0.0002761
-0.00027729
-0.00027802
-0.00027897
-0.00028019
-0.00028095
-0.00028187
-0.00028309
-0.00028391
-0.00028478
-0.00028601
-0.00028687
-0.00028771
-0.00028894
-0.00028985
-0.00029066
-0.00029188
-0.00029284
-0.00029363
-0.00029484
-0.00029584
-0.00029663
-0.0002978
-0.00029886
-0.00029963
-0.00030079
-0.00030188
-0.00030266
-0.00030379
-0.00030491
-0.00030571
-0.0003068
-0.00030796
-0.00030877
-0.00030984
-0.00031102
-0.00031185
-0.0003129
-0.0003141
-0.00031495
-0.00031597
-0.00031719
-0.00031807
-0.00031907
-0.0003203
-0.00032121
-0.00032219
-0.00032343
-0.00032436
-0.00032533
-0.00032658
-0.00032753
-0.00032849
-0.00032974
-0.00033072
-0.00033167
-0.00033291
-0.00033393
-0.00033487
-0.00033611
-0.00033715
-0.00033809
-0.00033934
-0.0003404
-0.00034134
-0.00034258
-0.00034367
-0.00034462
-0.00034585
-0.00034696
-0.00034791
-0.00034914
-0.00035028
-0.00035123
-0.00035246
-0.00035361
-0.00035457
-0.0003558
-0.00035696
-0.00035793
-0.00035915
-0.00036034
-0.00036132
-0.00036253
-0.00036373
-0.00036472
-0.00036594
-0.00036715
-0.00036815
-0.00036937
-0.0003706
-0.00037161
-0.00037283
-0.00037407
-0.00037509
-0.00037631
-0.00037756
-0.0003786
-0.00037982
-0.00038108
-0.00038213
-0.00038336
-0.00038463
-0.00038569
-0.00038692
-0.00038821
-0.00038928
-0.00039052
-0.00039181
-0.00039289
-0.00039414
-0.00039544
-0.00039654
-0.00039778
-0.00039909
-0.00040021
-0.00040146
-0.00040278
-0.00040391
-0.00040517
-0.0004065
-0.00040764
-0.00040891
-0.00041025
-0.0004114
-0.00041269
-0.00041404
-0.0004152
-0.0004165
-0.00041785
-0.00041903
-0.00042035
-0.00042171
-0.0004229
-0.00042423
-0.0004256
-0.0004268
-0.00042814
-0.00042952
-0.00043074
-0.00043209
-0.00043348
-0.00043471
-0.00043608
-0.00043747
-0.00043872
-0.0004401
-0.0004415
-0.00044276
-0.00044415
-0.00044556
-0.00044683
-0.00044825
-0.00044966
-0.00045095
-0.00045238
-0.0004538
-0.0004551
-0.00045654
-0.00045797
-0.00045929
-0.00046075
-0.00046219
-0.00046352
-0.000465
-0.00046644
-0.0004678
-0.00046929
-0.00047074
-0.00047211
-0.00047362
-0.00047508
-0.00047647
-0.000478
-0.00047946
-0.00048087
-0.00048241
-0.00048389
-0.00048531
-0.00048687
-0.00048836
-0.0004898
-0.00049138
-0.00049287
-0.00049434
-0.00049593
-0.00049743
-0.00049893
-0.00050054
-0.00050205
-0.00050357
-0.00050519
-0.00050671
-0.00050826
-0.0005099
-0.00051143
-0.000513
-0.00051466
-0.00051621
-0.00051781
-0.00051948
-0.00052104
-0.00052268
-0.00052436
-0.00052594
-0.0005276
-0.0005293
-0.0005309
-0.00053259
-0.0005343
-0.00053592
-0.00053764
-0.00053936
-0.00054101
-0.00054275
-0.00054448
-0.00054615
-0.00054792
-0.00054967
-0.00055137
-0.00055316
-0.00055492
-0.00055664
-0.00055847
-0.00056024
-0.00056199
-0.00056383
-0.00056562
-0.0005674
-0.00056927
-0.00057107
-0.00057289
-0.00057478
-0.0005766
-0.00057845
-0.00058036
-0.0005822
-0.00058409
-0.00058603
-0.00058789
-0.00058981
-0.00059176
-0.00059365
-0.00059561
-0.00059758
-0.0005995
-0.00060149
-0.00060348
-0.00060542
-0.00060745
-0.00060946
-0.00061144
-0.0006135
-0.00061553
-0.00061753
-0.00061962
-0.00062167
-0.00062372
-0.00062584
-0.00062791
-0.00062999
-0.00063214
-0.00063423
-0.00063636
-0.00063853
-0.00064066
-0.00064282
-0.00064503
-0.00064718
-0.00064939
-0.00065163
-0.00065381
-0.00065607
-0.00065833
-0.00066056
-0.00066286
-0.00066515
-0.00066742
-0.00066976
-0.00067209
-0.0006744
-0.00067678
-0.00067914
-0.00068149
-0.00068392
-0.0006863
-0.0006887
-0.00069116
-0.00069358
-0.00069603
-0.00069852
-0.00070097
-0.00070347
-0.00070599
-0.00070848
-0.00071103
-0.00071359
-0.00071612
-0.00071872
-0.00072132
-0.0007239
-0.00072655
-0.00072919
-0.00073183
-0.00073453
-0.00073721
-0.00073992
-0.00074268
-0.00074541
-0.00074818
-0.00075099
-0.00075378
-0.00075661
-0.00075948
-0.00076232
-0.00076522
-0.00076814
-0.00077103
-0.00077399
-0.00077695
-0.0007799
-0.00078292
-0.00078592
-0.00078892
-0.00079199
-0.00079503
-0.00079809
-0.00080121
-0.0008043
-0.00080744
-0.00081061
-0.00081377
-0.00081699
-0.00082023
-0.00082347
-0.00082677
-0.0008301
-0.00083343
-0.00083683
-0.00084023
-0.00084365
-0.00084714
-0.00085062
-0.00085412
-0.00085769
-0.00086123
-0.00086482
-0.00086845
-0.00087206
-0.00087573
-0.00087942
-0.00088311
-0.00088686
-0.00089063
-0.00089441
-0.00089825
-0.00090211
-0.00090599
-0.00090993
-0.00091387
-0.00091786
-0.0009219
-0.00092595
-0.00093005
-0.00093419
-0.00093835
-0.00094257
-0.00094683
-0.00095111
-0.00095546
-0.00095983
-0.00096424
-0.00096872
-0.00097321
-0.00097775
-0.00098235
-0.00098697
-0.00099165
-0.00099638
-0.0010011
-0.001006
-0.0010108
-0.0010157
-0.0010207
-0.0010257
-0.0010307
-0.0010359
-0.001041
-0.0010462
-0.0010515
-0.0010568
-0.0010622
-0.0010676
-0.0010731
-0.0010787
-0.0010843
-0.00109
-0.0010957
-0.0011015
-0.0011074
-0.0011134
-0.0011194
-0.0011255
-0.0011316
-0.0011379
-0.0011442
-0.0011506
-0.0011571
-0.0011636
-0.0011703
-0.001177
-0.0011838
-0.0011907
-0.0011977
-0.0012048
-0.0012119
-0.0012192
-0.0012265
-0.001234
-0.0012415
-0.0012492
-0.0012569
-0.0012648
-0.0012728
-0.0012809
-0.0012891
-0.0012974
-0.0013058
-0.0013144
-0.0013231
-0.0013319
-0.0013409
-0.0013499
-0.0013592
-0.0013686
-0.0013781
-0.0013878
-0.0013976
-0.0014076
-0.0014178
-0.0014281
-0.0014386
-0.0014493
-0.0014601
-0.0014712
-0.0014824
-0.0014938
-0.0015055
-0.0015173
-0.0015293
-0.0015416
-0.0015541
-0.0015668
-0.0015797
-0.0015929
-0.0016063
-0.00162
-0.0016339
-0.0016481
-0.0016626
-0.0016774
-0.0016924
-0.0017078
-0.0017235
-0.0017395
-0.0017558
-0.0017724
-0.0017894
-0.0018067
-0.0018245
-0.0018425
-0.001861
-0.0018799
-0.0018992
-0.001919
-0.0019392
-0.0019599
-0.001981
-0.0020026
-0.0020247
-0.0020474
-0.0020705
-0.0020942
-0.0021185
-0.0021433
-0.0021688
-0.0021949
-0.0022216
-0.002249
-0.0022771
-0.0023059
-0.0023355
-0.0023659
-0.0023971
-0.0024291
-0.0024619
-0.0024957
-0.0025303
-0.0025659
-0.0026024
-0.00264
-0.0026787
-0.0027185
-0.0027594
-0.0028016
-0.002845
-0.0028898
-0.002936
-0.0029836
-0.0030326
-0.0030832
-0.0031354
-0.0031892
-0.0032448
-0.0033022
-0.0033614
-0.0034227
-0.003486
-0.0035515
-0.0036193
-0.0036896
-0.0037623
-0.0038377
-0.0039158
-0.0039969
-0.004081
-0.0041683
-0.004259
-0.0043533
-0.0044513
-0.0045533
-0.0046594
-0.0047699
-0.0048851
-0.0050052
-0.0051306
-0.0052615
-0.0053982
-0.0055412
-0.0056908
-0.0058475
-0.0060116
-0.0061837
-0.0063643
-0.0065539
-0.0067533
-0.006963
-0.0071839
-0.0074167
-0.0076624
-0.0079219
-0.0081964
-0.0084869
-0.0087949
-0.0091217
-0.0094689
-0.0098381
-0.010231
-0.01065
-0.011097
-0.011574
-0.012083
-0.012626
-0.013205
-0.013822
-0.014477
-0.01517
-0.015901
-0.016664
-0.017454
-0.01826
-0.019067
-0.019852
-0.020586
-0.021229
-0.021727
-0.022014
-0.022004
-0.021595
-0.020662
-0.019057
-0.016612
-0.013136
-0.0084207
-0.0022464
0.0056098
0.015361
0.027195
0.041254
0.057611
0.076243
0.097006
0.11961
0.14358
0.16827
0.19282
0.21621
0.23722
0.25455
0.26683
0.27274
0.27112
0.26107
0.2421
0.21426
0.17819
0.13524
0.08742
0.037373
-0.011777
-0.056634
-0.093819
-0.12029
-0.1337
-0.13272
-0.11729
-0.088787
-0.050018
-0.0050392
0.041198
0.083359
0.11637
0.13606
0.13981
0.12702
0.099283
0.060373
0.015776
-0.028014
-0.064443
-0.087931
-0.09483
-0.084126
-0.057741
-0.020331
0.021421
0.059932
0.088091
0.10063
0.095194
0.072947
0.038417
-0.0012953
-0.037934
-0.063806
-0.07347
-0.065003
-0.040525
-0.0058197
0.030919
0.060969
0.077166
0.075688
0.057071
0.026167
-0.0090161
-0.039338
-0.056915
-0.05725
-0.040513
-0.01156
0.021343
0.048817
0.063038
0.060036
0.04091
0.011559
-0.019039
-0.041546
-0.049146
-0.039707
-0.016504
0.012786
0.03854
0.052335
0.04975
0.031889
0.005033
-0.021476
-0.038468
-0.040155
-0.026211
-0.0019075
0.023769
0.041385
0.044547
0.032298
0.0094892
-0.015043
-0.031865
-0.034605
-0.022448
-0.00047167
0.022375
0.036866
0.037245
0.023586
0.001762
-0.019002
-0.03001
-0.026782
-0.010967
0.010376
0.027851
0.033849
0.02591
0.007808
-0.012158
-0.024931
-0.024826
-0.012139
0.0070077
0.023544
0.029726
0.0228
0.0063012
-0.011673
-0.0224
-0.020793
-0.0078811
0.009723
0.023147
0.025719
0.016332
-2.8532e-05
-0.014862
-0.020559
-0.014344
0.00029939
0.015501
0.02319
0.019403
0.0063751
-0.0086975
-0.017601
-0.015597
-0.004005
0.010571
0.019951
0.018972
0.0083732
-0.0056641
-0.015081
-0.014576
-0.004638
0.0087778
0.017769
0.017135
0.0074276
-0.0054276
-0.013707
-0.012539
-0.0028185
0.009385
0.016572
0.014424
0.0044386
-0.0070527
-0.012868
-0.009483
0.00078621
0.0113
0.015359
0.010486
-2.217e-05
-0.0092764
-0.011302
-0.004925
0.0055044
0.013031
0.012723
0.0049303
-0.0049996
-0.010364
-0.0076388
0.0011647
0.0099262
0.012646
0.007565
-0.0016611
-0.0085578
-0.0083705
-0.0013745
0.0073722
0.011652
0.0085095
0.00032354
-0.0069547
-0.0081171
-0.0024493
0.0058002
0.010569
0.0084323
0.0010888
-0.0059499
-0.007483
-0.0024832
0.0051834
0.0097115
0.0077487
0.00090024
-0.005546
-0.0066909
-0.0017673
0.0053198
0.0090583
0.0066146
3.9307e-06
-0.0055395
-0.0056995
-0.0004602
0.0059332
0.0083883
0.0050251
-0.0013627
-0.0056024
-0.0043306
0.0013139
0.0066681
0.0073795
0.0029537
-0.0028882
-0.0053204
-0.002407
0.0033312
0.0070668
0.0057197
0.00051207
-0.0041118
-0.0042709
7.8254e-05
0.0051533
0.006615
0.0032809
-0.0019013
-0.0044419
-0.0022035
0.0027787
0.0061185
0.0049324
0.00034219
-0.0035618
-0.0033595
0.00068687
0.0049132
0.0055551
0.002106
-0.0022724
-0.0036356
-0.00081842
0.0035499
0.0054775
0.0032561
-0.0010121
-0.0033872
-0.0017304
0.002352
0.0050414
0.0038713
-4.9671e-07
-0.0029186
-0.0021785
0.0014521
0.0045019
0.0041038
0.00069757
-0.0024323
-0.0023179
0.00086581
0.0040111
0.0040984
0.0010994
-0.0020362
-0.002275
0.00055566
0.0036393
0.003959
0.001252
-0.0017704
-0.0021313
0.00047124
0.0034022
0.0037444
0.001204
-0.0016326
-0.0019253
0.00056765
0.0032828
0.0034751
0.00099552
-0.0015941
-0.0016625
0.00080897
0.0032435
0.003145
0.0006601
-0.0016095
-0.0013276
0.0011626
0.0032319
0.0027326
0.0002318
-0.0016202
-0.00089695
0.0015896
0.0031834
0.0022152
-0.00024374
-0.0015578
-0.00035308
0.0020348
0.0030273
0.0015843
-0.00070001
-0.001352
0.00029882
0.0024194
0.0026977
0.00086324
-0.0010468
-0.00094668
0.0010134
0.002644
0.0021544
0.00012216
-0.0011795
-0.00032464
0.0016942
0.0026052
0.0014104
-0.00051702
-0.0010054
0.00046421
0.002198
0.0022321
0.00055741
-0.00089819
-0.00048772
0.0012841
0.0023675
0.0015343
-0.00022731
-0.00087891
0.0003063
0.0019244
0.0020943
0.00064387
-0.00071493
-0.00040522
0.0011784
0.0021593
0.0013979
-0.00018222
-0.00071007
0.00041446
0.0018304
0.0018546
0.00048196
-0.00063285
-0.00016953
0.0012876
0.0019757
0.0010825
-0.00029266
-0.000489
0.00070606
0.0018212
0.0015062
0.00016731
-0.000552
0.00021031
0.0014948
0.0017197
0.00062695
-0.00042038
-0.00013771
0.0011001
0.0017455
0.0010091
-0.00017327
-0.00032783
0.00071665
0.0016344
0.0012797
0.00011763
-0.00038274
0.00039266
0.0014428
0.001437
0.00039984
-0.00033973
0.00014818
0.0012195
0.0014985
0.00064213
-0.0002375
-1.6766e-05
0.00099931
0.0014897
0.00083116
-0.00010874
-0.00011366
0.00080372
0.0014361
0.00096599
2.2637e-05
-0.00015866
0.00064281
0.0013596
0.0010528
0.00014138
-0.00016804
0.00051893
0.0012765
0.0011008
0.00023926
-0.00015573
0.00042983
0.0011975
0.0011193
0.00031301
-0.00013236
0.00037115
0.0011291
0.0011167
0.00036254
-0.00010517
0.00033805
0.0010744
0.0010991
0.00038952
-7.8437e-05
0.00032615
0.0010339
0.0010708
0.0003964
-5.4027e-05
0.00033192
0.0010067
0.001034
0.00038593
-3.1919e-05
0.00035275
0.00099059
0.00098975
0.00036099
-1.0665e-05
0.00038678
0.00098252
0.00093761
0.00032459
1.2234e-05
0.00043249
0.00097879
0.00087669
0.00028013
3.9966e-05
0.00048832
0.00097499
0.00080592
0.00023158
7.6048e-05
0.00055215
0.00096623
0.00072469
0.00018375
0.00012384
0.00062086
0.00094724
0.0006334
0.00014232
0.00018594
0.00068986
0.00091294
0.00053418
0.00011372
0.00026342
0.00075299
0.00085904
0.00043134
0.0001046
0.00035504
0.00080259
0.00078308
0.00033177
0.00012095
0.00045644
0.00083015
0.00068552
0.00024471
0.00016676
0.00055971
0.00082761
0.00057088
0.00018093
0.0002424
0.00065353
0.00078913
0.00044841
0.00015109
0.00034309
0.00072429
0.00071331
0.00033193
0.0001632
0.00045794
0.00075833
0.00060529
0.00023835
0.00021971
0.00057017
0.00074526
0.00047802
0.00018461
0.00031474
0.00065919
0.00068189
0.00035173
0.00018325
0.00043264
0.00070477
0.00057555
0.00025096
0.00023748
0.00054912
0.00069278
0.00044548
0.00019888
0.0003373
0.00063559
0.00062134
0.0003207
0.00020993
0.00045863
0.0006668
0.00050482
0.00023353
0.00028269
0.00056729
0.00063003
0.00037342
0.00020961
0.00039637
0.00062824
0.00053258
0.00026636
0.0002571
0.00051368
0.00061821
0.00040376
0.00021918
0.00035971
0.00059159
0.0005373
0.0002879
0.00024881
0.00047823
0.00059781
0.0004136
0.00022879
0.00034275
0.00056307
0.00052679
0.00029599
0.00025001
0.00045948
0.00057501
0.00040696
0.00023481
0.00034039
0.0005435
0.00050591
0.00029222
0.00025717
0.00045421
0.00055136
0.00038757
0.00023776
0.00034928
0.00053052
0.0004767
0.00028004
0.00026993
0.00045861
0.00052529
0.00035872
0.0002408
0.0003673
0.00051982
0.00043959
0.00026423
0.00028973
0.00046812
0.00049361
0.00032407
0.00024862
0.0003922
0.00050571
0.00039509
0.0002509
0.00031794
0.00047677
0.00045305
0.00028887
0.0002661
0.0004199
0.00048196
0.00034571
0.00024719
0.00035382
0.00047696
0.00040244
0.0002607
0.00029635
0.00044324
0.00044359
0.00029771
0.00025975
0.00039237
0.00046055
0.00034513
0.00024884
0.00033788
0.00045215
0.00038991
0.00026153
0.00029155
0.0004232
0.00042214
0.00029093
0.00026108
0.000382
0.0004365
0.000328
0.00024937
0.00033769
0.00043235
0.000364
0.00025507
0.00029816
0.00041269
0.0003922
0.00027392
0.00026883
0.00038267
0.00040862
0.00030023
0.00025222
0.00034814
0.00041209
0.00032829
0.00024827
0.00031442
0.00040375
0.00035338
0.00025498
0.00028556
0.00038624
0.00037221
0.00026927
0.00026402
0.00036291
0.00038312
0.00028771
0.00025073
0.00033712
0.00038586
0.00030712
0.00024536
0.00031177
0.00038123
0.00032494
0.00024671
0.00028903
0.0003707
0.00033941
0.00025311
0.00027025
0.00035606
0.00034954
0.00026276
0.00025606
0.00033907
0.00035505
0.00027397
0.00024645
0.00032129
0.00035616
0.00028533
0.000241
0.00030396
0.00035346
0.00029576
0.00023902
0.00028796
0.00034771
0.00030457
0.0002397
0.00027384
0.00033973
0.00031137
0.00024223
0.00026184
0.0003303
0.00031603
0.00024587
0.00025199
0.00032011
0.00031863
0.00025
0.00024414
0.00030971
0.00031936
0.00025414
0.00023806
0.00029953
0.00031849
0.00025792
0.00023345
0.00028986
0.00031633
0.00026111
0.00023
0.0002809
0.00031318
0.00026356
0.00022742
0.00027272
0.00030931
0.00026522
0.00022545
0.00026537
0.00030497
0.00026607
0.00022386
0.00025883
0.00030036
0.00026615
0.00022248
0.00025306
0.00029564
0.00026553
0.00022117
0.00024798
0.00029094
0.00026425
0.00021982
0.00024353
0.00028633
0.0002624
0.00021835
0.00023965
0.00028187
0.00026005
0.00021674
0.00023626
0.0002776
0.00025724
0.00021495
0.00023331
0.00027352
0.00025403
0.00021299
0.00023076
0.00026962
0.00025047
0.00021087
0.00022856
0.0002659
0.00024659
0.00020861
0.00022668
0.00026231
0.00024241
0.00020626
0.00022511
0.0002588
0.00023797
0.00020386
0.00022381
0.00025534
0.00023327
0.00020146
0.00022277
0.00025186
0.00022835
0.00019913
0.00022196
0.0002483
0.00022323
0.00019693
0.00022134
0.00024459
0.00021794
0.00019492
0.00022087
0.00024066
0.00021254
0.00019318
0.0002205
0.00023644
0.00020708
0.00019176
0.00022016
0.00023189
0.00020165
0.00019071
0.00021977
0.00022695
0.00019633
0.00019008
0.00021922
0.0002216
0.00019124
0.00018987
0.00021839
0.00021583
0.00018649
0.00019008
0.00021716
0.00020968
0.00018222
0.00019066
0.0002154
0.0002032
0.00017855
0.00019152
0.00021298
0.0001965
0.0001756
0.00019253
0.0002098
0.00018974
0.00017346
0.00019352
0.00020578
0.00018312
0.00017218
0.00019429
0.00020091
0.00017685
0.00017176
0.00019458
0.00019522
0.00017117
0.00017212
0.00019417
0.00018883
0.00016632
0.0001731
0.00019283
0.00018194
0.00016251
0.00017445
0.00019038
0.00017483
0.00015988
0.00017587
0.00018671
0.00016785
0.0001585
0.00017698
0.00018184
0.00016137
0.00015828
0.00017741
0.00017588
0.00015577
0.00015902
0.00017678
0.00016912
0.0001514
0.0001604
0.00017481
0.00016196
0.00014847
0.00016195
0.00017135
0.00015489
0.00014706
0.00016315
0.00016642
0.00014845
0.00014702
0.00016346
0.00016027
0.00014316
0.00014803
0.00016242
0.00015332
0.00013939
0.00014955
0.00015974
0.00014618
0.00013733
0.00015094
0.00015536
0.00013953
0.0001369
0.00015151
0.00014951
0.00013401
0.00013773
0.00015066
0.0001427
0.00013014
0.00013918
0.00014803
0.00013564
0.00012813
0.00014047
0.00014356
0.00012917
0.00012786
0.00014079
0.00013756
0.00012403
0.00012881
0.00013947
0.00013069
0.00012073
0.0001302
0.00013619
0.00012387
0.00011941
0.00013108
0.00013105
0.00011801
0.00011972
0.00013058
0.0001246
0.00011386
0.00012092
0.00012813
0.00011776
0.00011177
0.00012197
0.00012364
0.00011159
0.00011155
0.00012187
0.00011758
0.000107
0.0001125
0.00011985
0.00011086
0.0001045
0.00011353
0.00011572
0.00010463
0.00010399
0.0001135
0.00010987
9.994e-05
0.00010475
0.00011157
0.00010328
9.737e-05
0.00010566
0.00010747
9.7182e-05
9.6829e-05
0.00010547
