8.6736e-19
0
-5.6379e-18
-4.3368e-19
3.361e-18
8.4568e-18
3.9302e-18
-3.2526e-19
-2.5462e-18
3.1391e-18
3.9253e-18
8.9449e-18
1.89e-18
3.5355e-18
1.3447e-18
3.9481e-18
-1.7484e-18
1.7151e-18
-2.2764e-18
6.6504e-18
-4.9973e-18
4.3737e-18
-4.3817e-18
-3.2848e-18
-4.0658e-19
-2.3954e-18
3.3881e-18
2.6563e-18
8.6736e-19
-4.12e-18
-4.3368e-19
-5.6379e-18
5.5451e-18
-3.2255e-18
4.2278e-18
3.2043e-18
-2.7667e-18
-2.3826e-18
-6.1591e-18
-1.0862e-18
2.8444e-18
2.0591e-18
3.36e-18
2.4855e-16
6.4711e-15
1.4633e-13
2.8182e-12
4.6253e-11
6.4695e-10
7.7119e-09
7.8346e-08
6.7832e-07
5.0051e-06
3.1474e-05
0.00016868
0.0007704
0.0029988
0.0099479
0.028124
0.067763
0.13914
0.2435
0.36316
0.46158
0.5
0.46158
0.36316
0.2435
0.13914
0.067763
0.028124
0.0099479
0.0029988
0.0007704
0.00016868
3.1474e-05
5.0051e-06
6.7832e-07
7.8346e-08
7.7119e-09
6.4695e-10
4.6253e-11
2.8182e-12
1.4634e-13
6.4687e-15
2.4512e-16
3.7914e-18
4.941e-18
-1.3558e-18
5.1501e-18
1.0454e-18
-3.9217e-18
-6.0283e-18
9.9632e-19
-1.545e-18
-2.0237e-18
-1.4271e-18
-3.833e-18
8.2734e-18
-1.0697e-17
1.966e-18
-1.4023e-18
-3.1199e-18
5.5379e-19
-2.2209e-19
-1.6273e-18
-2.9051e-18
3.9516e-18
-1.8004e-18
3.4501e-18
1.2789e-18
-4.5128e-18
1.0526e-18
-4.5714e-18
-2.8477e-18
5.5406e-18
-2.0453e-18
8.5904e-19
2.1641e-18
-2.8068e-18
2.4383e-18
-6.5835e-18
7.0848e-18
3.3484e-18
-2.7667e-18
-2.5824e-19
-2.1323e-18
5.03e-18
5.6909e-18
1.9427e-18
5.5535e-19
-1.8698e-18
5.142e-18
6.2006e-18
-5.493e-18
-2.7926e-18
-4.2674e-18
-6.2261e-18
-6.6918e-18
1.0606e-18
-1.0466e-18
-7.4988e-18
2.6039e-18
4.3023e-18
-5.8201e-19
-4.0631e-18
3.4187e-18
-4.7199e-18
2.8882e-18
-6.1151e-18
-3.9291e-18
-2.5138e-18
-1.3183e-18
1.3944e-18
7.3489e-19
2.0436e-19
5.8755e-18
7.7713e-19
-9.0123e-18
6.5259e-18
2.1881e-18
6.8091e-18
-7.159e-18
-1.0683e-18
7.4156e-18
1.9304e-18
-2.3257e-18
-3.7461e-18
6.3657e-18
-2.5161e-18
2.473e-18
-3.5223e-19
5.7838e-18
2.4276e-18
1.43e-19
-2.3991e-18
-3.0473e-19
-5.8133e-18
-7.2971e-19
-5.741e-18
2.5278e-19
-3.5281e-18
-3.9846e-18
-1.5794e-18
-7.6926e-19
7.2018e-19
7.3246e-19
6.1791e-19
-5.1048e-18
-6.5072e-18
-1.5262e-17
-2.056e-17
-6.142e-18
8.6542e-18
8.2686e-18
-1.5419e-18
-8.9857e-20
5.0114e-18
1.9077e-18
-2.2763e-18
-3.4358e-19
-4.1162e-20
-5.0801e-19
2.4275e-18
5.2001e-18
2.0593e-18
5.6871e-18
-3.4332e-18
-9.5569e-19
4.0145e-19
-2.0404e-18
6.5585e-19
4.4161e-19
1.2703e-19
1.5632e-18
-2.0702e-18
-1.1742e-18
2.4597e-18
-3.462e-18
-1.3915e-18
3.7251e-18
-2.5753e-20
-3.1484e-18
1.8611e-17
-2.1988e-18
3.1198e-18
6.8558e-18
8.6549e-18
-8.4438e-18
-1.5642e-18
-3.4863e-18
-4.76e-18
-4.3657e-18
8.9927e-19
4.7994e-18
-1.5593e-18
-5.9155e-19
8.7875e-19
1.717e-18
-4.0765e-18
5.1166e-18
-2.9793e-18
4.9562e-19
2.7081e-18
1.354e-18
2.7025e-18
8.1573e-19
5.4892e-18
2.6764e-18
8.0071e-18
2.1611e-18
5.9581e-18
-4.2124e-18
3.8664e-18
-1.5751e-18
3.4694e-18
6.1332e-19
-3.7851e-18
6.4414e-19
-4.2188e-18
9.1772e-19
1.9466e-19
-5.6819e-18
8.7882e-19
-1.4751e-18
-1.0445e-18
-3.1954e-18
9.6556e-19
2.0425e-18
2.0187e-18
-9.6824e-18
3.0666e-18
5.9705e-18
2.65e-18
-7.6554e-18
6.5965e-18
6.1077e-19
2.9768e-18
-1.0184e-18
8.4376e-18
-3.3172e-18
3.9625e-18
-2.4914e-18
-2.8313e-18
-6.1595e-18
3.7655e-19
8.1475e-19
-3.15e-18
2.4307e-18
-6.7676e-18
1.71e-18
7.9486e-18
4.4263e-18
-2.2592e-18
-1.5951e-18
6.0207e-18
-4.3576e-18
5.9632e-18
-2.1035e-18
4.4379e-18
-2.1008e-18
3.8113e-18
4.2608e-18
-4.9656e-18
-3.8107e-18
-3.0018e-18
-3.7648e-18
-4.6655e-18
-1.0331e-18
7.6764e-19
-4.0833e-18
2.7756e-18
1.886e-18
5.2699e-18
1.1099e-18
8.6839e-18
3.7067e-18
1.6121e-17
4.79e-17
2.1077e-17
-3.7965e-17
-9.2908e-18
-5.0114e-18
-2.5218e-17
-6.2146e-18
4.2437e-18
-1.4381e-18
7.5528e-19
-3.0603e-18
3.6227e-18
-5.8293e-18
-4.2066e-18
-4.3486e-18
2.4377e-18
-2.1314e-18
9.4394e-18
3.5535e-18
6.3264e-18
-3.8798e-18
1.3716e-18
2.8293e-18
2.1757e-18
-3.1712e-19
-4.7308e-18
-1.0204e-18
9.6925e-19
3.4173e-18
6.825e-19
1.4135e-18
-3.0307e-18
1.1235e-17
-8.7246e-18
1.2172e-18
-2.8505e-18
-1.2504e-17
1.1634e-18
-5.5274e-18
4.2365e-18
-1.181e-18
3.8938e-19
-2.921e-18
2.9366e-18
-4.6061e-18
4.0271e-18
6.437e-19
8.3434e-18
-5.0515e-18
7.5422e-18
9.3689e-19
1.8237e-18
-1.7854e-18
4.6092e-18
5.1183e-18
7.939e-19
3.2047e-18
-6.4682e-18
-1.4568e-18
-6.3014e-18
2.7632e-18
9.0697e-19
-3.8241e-18
-9.5657e-18
-9.9054e-20
-1.1868e-17
-1.0244e-17
2.282e-18
8.6641e-18
-3.9005e-19
-2.204e-19
-3.9828e-18
-9.0843e-18
-7.818e-18
-1.3201e-18
-3.4494e-18
-8.2026e-18
-9.1674e-18
4.4208e-18
1.2739e-18
7.0319e-20
3.5007e-18
-3.5567e-18
3.0049e-18
3.2183e-18
8.6667e-18
-2.6324e-18
-2.2598e-19
3.9923e-19
5.1994e-19
-6.1058e-18
3.5294e-18
-5.5468e-18
-2.7495e-18
-2.4866e-18
3.4425e-18
5.9588e-18
1.0137e-17
1.6935e-18
1.2108e-17
1.2289e-18
1.0983e-17
4.6396e-18
7.3608e-18
4.8412e-19
-3.8039e-19
4.8336e-18
-1.8029e-18
1.2243e-18
1.4857e-19
2.3936e-18
-6.573e-18
-2.5242e-18
7.1062e-18
-8.6351e-18
-1.0726e-18
-2.2065e-18
-8.1198e-21
1.7707e-18
-3.4997e-18
3.6709e-18
9.3212e-19
2.5392e-18
1.7897e-18
7.9965e-18
-2.1786e-18
3.7738e-18
-3.8081e-18
-9.3958e-18
1.5399e-17
0
-2.7756e-17
0
6.9389e-18
-5.2042e-18
5.2042e-18
-2.3852e-18
2.3852e-18
1.7618e-18
3.5237e-19
-5.587e-18
3.1272e-18
-4.3406e-18
-1.9055e-18
-1.0367e-17
1.3584e-18
-4.7506e-18
-6.6514e-18
-2.23e-18
1.1911e-18
1.0361e-18
-3.0465e-18
2.7455e-19
-2.8895e-18
5.4701e-18
-3.9725e-18
8.6176e-19
-1.9748e-19
4.3419e-18
-3.018e-18
-4.6249e-19
4.8867e-18
6.912e-18
-3.777e-18
9.3863e-18
5.5151e-18
-1.4473e-18
3.4413e-18
-1.6558e-18
5.3435e-18
-1.3033e-18
1.3049e-18
-2.6217e-18
-1.6294e-18
9.8402e-19
-3.7748e-18
1.4388e-18
-6.4112e-18
-6.4898e-18
-4.9121e-18
-9.2084e-18
-9.0161e-18
-5.0335e-19
-1.7233e-18
-5.3837e-18
-7.3353e-18
-2.1684e-18
-8.4026e-18
0
-1.0842e-17
-3.4694e-18
3.4694e-18
1.3878e-17
2.0817e-17
1.3878e-17
4.3368e-18
4.7705e-18
-2.1684e-18
-6.5052e-19
5.421e-19
5.3126e-18
-1.5992e-18
-2.7952e-19
-1.5416e-19
6.7303e-18
-4.1741e-18
2.7265e-18
-2.7193e-19
4.9787e-18
-3.6371e-18
3.058e-19
-4.226e-18
9.8366e-18
3.0413e-18
9.381e-19
5.9928e-18
-1.2913e-18
-3.079e-19
-4.8789e-19
4.1979e-18
-3.0629e-18
2.8731e-18
-6.5052e-19
-1.301e-18
6.0715e-18
1.2143e-17
1.6273e-18
8.7378e-18
-2.3768e-18
1.6214e-18
5.3026e-18
2.2023e-18
-1.5884e-18
-1.3694e-18
3.2088e-18
-9.829e-19
-1.5012e-18
1.0525e-18
-3.4589e-18
3.284e-18
-7.1255e-19
2.714e-18
4.5509e-18
-3.489e-18
6.1456e-18
1.305e-18
-2.8547e-18
4.5761e-19
4.6926e-18
-2.2938e-18
1.0842e-19
-5.9631e-19
5.2042e-18
4.3368e-19
-1.0408e-17
-3.4694e-18
1.3878e-17
2.0817e-17
0
2.7756e-17
0
2.0817e-17
8.6736e-18
-5.2042e-18
4.9873e-18
-1.0842e-18
3.6321e-18
-1.3553e-18
4.8959e-18
-1.0452e-18
-2.3284e-18
-5.1121e-19
1.3607e-18
-3.9332e-18
1.0573e-18
1.4223e-18
1.8574e-18
5.6498e-18
1.1423e-18
1.2257e-18
-2.7033e-18
7.5976e-19
-6.9675e-19
3.215e-18
-2.1955e-18
2.4542e-19
9.317e-19
8.4661e-19
1.1473e-18
6.2654e-18
8.039e-19
9.1417e-18
7.8862e-18
3.707e-18
3.8334e-18
2.4191e-18
1.9488e-18
-2.357e-18
-3.8889e-18
-1.7938e-18
2.4791e-19
-8.5811e-19
-3.2842e-18
-3.1786e-18
3.4692e-18
3.1064e-18
3.6294e-18
1.3028e-18
1.0777e-20
1.6057e-18
-2.8094e-18
4.7552e-19
4.7038e-18
1.5598e-18
-7.9924e-19
4.7915e-18
4.3002e-18
9.555e-19
6.9168e-18
8.3066e-18
-4.0598e-18
1.5189e-17
-2.1409e-18
-1.0121e-17
1.9087e-19
2.4676e-18
1.327e-18
3.3201e-18
5.5079e-18
-1.0743e-18
3.2865e-18
-1.659e-18
-2.5398e-18
-1.7165e-18
-6.6734e-19
2.3282e-18
-8.146e-18
2.7176e-18
-8.1059e-18
-1.0292e-18
-2.1839e-18
-2.4164e-18
-9.2429e-19
-2.8164e-18
-3.2871e-18
-1.53e-18
8.7635e-19
4.9101e-18
-2.3361e-18
7.4737e-18
1.7885e-18
2.4162e-18
4.7672e-18
1.2836e-18
-1.5357e-18
-1.0793e-17
-1.0496e-18
-5.3821e-18
-2.7167e-18
-9.0073e-19
2.9054e-18
-3.0952e-18
-1.7027e-18
-4.496e-18
-1.4181e-18
-3.3091e-18
-2.4155e-19
-9.2322e-19
-9.7928e-18
-1.1547e-17
-2.6716e-18
-5.8806e-18
-3.1575e-18
3.3688e-18
-1.8088e-18
3.0789e-18
4.9408e-18
5.3026e-18
-1.507e-18
2.7701e-18
5.5855e-18
-2.5985e-18
-2.8023e-18
-3.9067e-18
-3.4154e-18
4.3218e-18
7.1254e-18
-5.7826e-18
-1.5021e-17
6.3542e-18
3.9449e-18
-6.3542e-18
-4.0586e-18
-1.6186e-18
-1.8459e-19
-1.5695e-18
-1.6138e-18
3.1405e-18
-4.0955e-20
2.4666e-18
5.0169e-18
6.4494e-18
-3.2817e-18
7.0505e-18
9.4685e-18
1.4736e-18
8.1144e-19
-4.9632e-18
4.6038e-18
-3.2339e-18
1.4476e-18
-3.6619e-18
1.215e-18
-1.2113e-18
1.2961e-19
-3.5076e-18
9.7385e-18
6.7332e-18
1.2138e-18
1.0841e-17
1.1415e-18
6.6989e-18
-1.0388e-18
-1.8451e-18
-4.9938e-18
-1.6851e-18
-2.5954e-18
-6.9334e-18
4.2307e-18
9.7216e-20
2.4689e-18
1.364e-19
-4.6526e-19
1.8284e-18
-2.2088e-18
-4.5585e-18
1.5164e-18
-1.4734e-19
1.8639e-18
1.0284e-18
3.7363e-18
3.2558e-18
-2.5996e-18
1.856e-18
3.3487e-18
-2.474e-18
-1.0312e-18
-4.6062e-18
-4.402e-18
-3.4694e-18
-1.0934e-17
9.7078e-18
-3.9009e-19
-5.489e-18
-1.6581e-18
-1.2026e-18
-6.6412e-18
2.1735e-18
-5.5085e-18
2.0648e-18
-6.2965e-18
-1.3904e-18
-3.7542e-18
-2.7193e-18
7.412e-18
-2.9628e-18
6.2432e-19
5.0309e-18
-5.3131e-19
-2.1522e-18
-2.9718e-19
-1.7102e-18
3.0466e-18
-3.9385e-18
-4.2028e-18
-6.4479e-19
-3.2417e-18
2.5455e-18
-7.3583e-19
1.1385e-17
2.2338e-18
-2.9396e-18
-3.7809e-18
4.493e-18
-7.6458e-18
1.1894e-18
-1.349e-18
8.9036e-19
-6.4242e-19
-1.56e-18
2.9318e-18
-3.4499e-19
-4.8909e-18
3.8639e-18
2.3288e-18
6.6128e-18
-5.1219e-18
3.926e-18
1.7543e-18
8.4898e-18
-4.1101e-18
4.6027e-18
3.8593e-18
5.2536e-18
9.2248e-19
3.5842e-18
3.4975e-18
3.6827e-18
3.6477e-18
7.1396e-20
-1.5305e-18
6.206e-18
-1.6092e-17
-1.1047e-17
7.3114e-18
2.7158e-17
-9.8236e-18
-3.8681e-18
6.4473e-18
4.9778e-20
2.3615e-18
3.8857e-18
6.1094e-18
6.1265e-18
-4.2064e-18
3.4262e-18
-1.4962e-18
-2.1975e-18
1.9026e-18
9.8803e-18
-2.8215e-18
2.7055e-18
4.935e-18
3.0918e-18
-8.5297e-18
-3.4697e-18
-1.0346e-18
-5.9553e-19
-4.1987e-18
2.6309e-19
-5.0949e-18
-7.6812e-19
9.4676e-20
2.5968e-18
-2.4162e-18
2.5659e-18
-6.7262e-18
2.0704e-19
-5.0487e-18
1.0181e-18
3.4257e-18
-4.4342e-18
2.5487e-18
-2.849e-18
6.7411e-18
-5.7865e-18
-4.0898e-19
-2.2618e-18
-2.0544e-18
-2.048e-18
-7.166e-18
-7.609e-19
3.3538e-18
1.8246e-18
-5.3114e-19
-7.3598e-19
5.7267e-19
1.6768e-18
1.5595e-19
1.0715e-18
2.1835e-18
-4.7935e-19
-1.3732e-19
6.8973e-18
-1.893e-18
6.0371e-18
3.871e-18
3.2464e-19
6.0778e-18
5.8597e-19
-1.5914e-18
4.5306e-18
-3.0889e-18
-1.0838e-18
-1.1291e-18
-1.3406e-18
1.1826e-18
-1.6739e-18
6.8291e-18
-7.1082e-20
-3.3712e-19
-6.4165e-18
-1.8187e-18
-5.4744e-18
-1.553e-18
-1.7674e-18
-1.2402e-18
-1.5412e-18
-1.6371e-18
-3.1866e-18
2.6351e-18
-2.5177e-18
1.911e-18
-3.4327e-19
-2.4894e-18
-1.8447e-20
2.9735e-18
3.6952e-18
-7.7247e-18
-4.9054e-18
-2.9204e-18
7.3702e-18
1.0004e-17
2.872e-19
5.1582e-18
5.8026e-18
-1.5948e-18
5.0577e-18
7.4813e-18
5.6564e-18
1.1427e-18
-8.1815e-18
4.0824e-18
-5.0564e-18
1.1365e-18
5.815e-18
-2.3436e-18
9.8569e-19
1.2859e-18
1.3757e-18
5.9193e-18
-1.4277e-18
-3.4864e-18
-1.9252e-18
1.7197e-18
-1.3787e-18
7.7157e-18
2.948e-18
-5.835e-18
3.0719e-18
-2.5448e-17
-4.7307e-18
0
0
0
-6.9389e-18
6.9389e-18
-1.0408e-17
-2.6021e-18
8.6736e-19
-4.2284e-18
-1.1926e-18
-3.4423e-18
-4.0488e-18
1.4764e-18
3.398e-18
-4.009e-18
3.2219e-18
-4.5667e-18
4.1941e-18
-5.5804e-18
6.139e-19
1.4953e-18
-6.3323e-18
-1.6121e-18
-3.1844e-20
1.4987e-18
1.917e-19
4.4903e-19
-4.2097e-18
1.1343e-18
-7.9271e-19
-1.6028e-18
-2.6613e-18
4.5704e-18
-1.3295e-17
1.5121e-17
-9.163e-18
-1.7536e-19
-3.4585e-18
-1.7551e-18
-8.0658e-18
1.8789e-19
-8.5359e-18
3.8945e-18
-9.8172e-19
8.8505e-19
-6.8735e-19
3.2535e-18
-3.3344e-18
3.7942e-18
-3.794e-18
5.1021e-18
-2.22e-18
4.7203e-18
-1.2502e-18
1.2502e-17
-7.8605e-19
4.7705e-18
0
8.6736e-19
3.4694e-18
0
0
-1.3878e-17
0
8.6736e-19
-5.2042e-18
2.1684e-18
2.1684e-18
-3.361e-18
-5.8547e-18
1.7076e-18
-4.3368e-18
2.2412e-18
-1.1943e-18
3.7387e-18
-2.7463e-18
2.8544e-18
-3.5703e-19
-5.2796e-19
-2.7725e-18
5.3292e-18
2.2116e-18
4.9559e-18
3.8052e-18
-9.8747e-19
1.9601e-18
5.2685e-19
-3.3983e-18
2.8596e-18
1.2231e-18
-3.2255e-18
3.8489e-18
7.3726e-18
2.8189e-18
4.3368e-19
1.301e-18
-1.3235e-18
3.5807e-18
3.3483e-18
-7.0744e-18
-3.9602e-19
-6.2391e-18
1.7948e-18
-3.4761e-18
-1.9841e-18
-1.7645e-18
-3.9958e-19
-2.271e-18
-2.1001e-18
-2.1363e-18
4.7811e-18
-5.0246e-19
3.8654e-18
-1.3184e-18
-9.8938e-19
1.2917e-20
1.7523e-18
4.9636e-18
-9.148e-19
3.4966e-18
8.6736e-18
0
-4.3368e-18
3.4694e-18
0
0
-1.3878e-17
0
0
2.7756e-17
0
-6.9389e-18
-6.9389e-18
-3.4694e-18
4.3368e-18
2.6021e-18
6.8305e-18
-4.3368e-19
-3.876e-18
1.4976e-18
4.3584e-18
5.3244e-19
3.1064e-18
-9.4006e-18
4.1198e-18
-1.2972e-18
7.4102e-19
-3.7414e-18
3.6091e-18
1.8328e-18
2.9173e-18
-3.0631e-18
1.175e-18
-5.6035e-18
-3.7609e-18
-2.4494e-18
-2.7858e-18
1.8243e-18
-5.7984e-18
-1.4066e-17
-8.7239e-19
4.7535e-18
-1.1736e-17
3.3023e-18
7.8708e-20
7.1697e-18
-6.5923e-18
4.3399e-19
-4.9719e-18
5.0854e-20
-1.2933e-18
-1.2972e-18
-2.3196e-18
1.0491e-18
1.0883e-17
-1.9367e-18
3.2347e-19
-3.4705e-18
2.2949e-18
2.2548e-18
2.0245e-18
3.5356e-18
2.8272e-18
5.664e-19
-3.5397e-18
-8.6367e-19
-5.6124e-18
-5.9402e-18
-3.1956e-18
-6.6743e-18
-1.0377e-17
-2.3186e-18
-9.948e-19
-4.9041e-18
8.6369e-19
-2.0642e-18
-1.2213e-20
-8.6231e-18
7.2348e-19
4.8086e-19
-5.664e-19
-6.4117e-19
6.1401e-18
1.699e-19
2.7118e-18
-2.3106e-18
2.8277e-18
4.1314e-18
1.1747e-18
5.7192e-18
-4.0638e-19
3.2807e-18
3.4576e-18
-1.7305e-19
-1.1846e-18
-4.4608e-18
-2.131e-18
-5.3384e-18
-6.7889e-18
-4.6665e-18
-7.9837e-19
-8.5924e-18
-3.4029e-18
-1.3588e-17
6.6406e-18
-1.3216e-17
3.2205e-18
-1.2719e-17
-4.9578e-19
-3.749e-18
-2.4633e-18
-7.2319e-18
2.2733e-19
-5.6117e-18
3.8468e-18
1.3554e-18
-1.3298e-18
2.6377e-18
-1.893e-18
4.1614e-18
-5.4856e-18
7.2657e-18
-3.1197e-18
5.5656e-18
-3.874e-18
-1.5631e-18
-2.8287e-18
-2.0543e-19
1.2261e-18
6.736e-19
5.8389e-19
3.3121e-19
2.3998e-18
-7.3643e-18
-7.0843e-18
-2.9317e-17
1.3081e-17
-8.6542e-18
-1.3297e-18
-5.397e-18
1.8246e-18
8.8664e-18
6.5491e-18
1.8426e-18
9.2633e-19
3.1718e-18
4.9558e-18
-1.3679e-18
6.6196e-18
-6.2316e-19
-5.039e-18
-1.6719e-18
-2.2852e-18
1.6273e-18
4.2639e-19
1.8217e-18
2.2724e-18
-1.0086e-18
-1.9858e-18
1.4288e-18
2.4866e-18
1.928e-18
-2.3232e-18
4.5055e-18
3.5917e-18
-4.8012e-18
-6.4181e-19
-4.4767e-18
7.2881e-19
-3.3034e-19
5.3661e-18
-4.846e-18
1.168e-18
6.6126e-18
-4.7433e-18
4.8968e-18
1.9593e-18
2.7302e-18
-3.141e-18
1.7178e-18
-1.4074e-18
-1.9664e-18
-2.8666e-18
5.4387e-18
-7.5462e-18
5.0616e-18
-1.0377e-17
6.5994e-19
-3.7604e-18
-4.2402e-19
-1.9508e-18
-1.149e-18
-1.2127e-18
7.2068e-19
4.4101e-19
1.1338e-19
4.2124e-18
-3.9695e-19
-1.2303e-17
3.4694e-18
-6.1332e-19
7.2546e-18
-6.7157e-18
6.8209e-18
1.6844e-18
1.1081e-17
4.7061e-18
2.3738e-18
-1.3506e-18
-1.6051e-18
3.1607e-18
4.9984e-18
-4.5642e-18
5.7109e-19
-3.2124e-18
-4.6385e-19
-6.2308e-19
-4.9105e-18
-6.7501e-18
2.6941e-18
-1.9685e-18
-2.701e-18
-1.6048e-18
-2.2135e-19
1.5893e-18
7.809e-19
-5.098e-18
-1.4513e-18
7.0268e-18
7.4297e-18
2.6547e-18
1.0956e-17
-1.0799e-19
7.3031e-18
-1.0548e-17
1.465e-18
6.1215e-19
-3.0978e-18
-2.5241e-18
3.9859e-19
-1.1891e-18
-1.2991e-18
-1.495e-19
5.7794e-19
-9.0941e-19
-3.7108e-18
6.0656e-18
3.2834e-18
5.3644e-18
3.2493e-18
5.5894e-18
6.0231e-18
-9.3457e-19
1.3678e-19
3.2397e-18
6.6332e-18
5.9744e-18
2.8074e-18
4.9616e-18
-2.6124e-18
1.0171e-17
-5.7131e-18
2.1489e-17
-1.4139e-17
-2.4485e-17
-3.2343e-17
-8.8664e-18
1.134e-17
1.0104e-18
6.1647e-18
5.9917e-18
7.9183e-18
2.2878e-18
2.2456e-18
6.8686e-18
4.5395e-18
2.8985e-19
1.1815e-18
4.1113e-20
7.5902e-18
6.7816e-18
2.6152e-18
8.3296e-19
1.1238e-17
9.2287e-19
3.3316e-18
-1.124e-18
1.7541e-18
7.413e-18
4.2331e-18
1.9646e-18
-1.0213e-19
4.0745e-18
4.2461e-18
-7.4392e-19
8.238e-18
6.8804e-18
-1.2835e-19
-1.2708e-17
-4.5785e-18
3.6356e-18
3.4141e-18
2.0533e-18
-4.2926e-19
-1.2599e-18
2.8913e-18
5.7814e-19
1.9057e-18
6.5316e-19
3.4195e-18
-7.0577e-19
-4.2037e-18
-2.1905e-18
-2.0768e-18
-3.1284e-18
-2.1283e-18
-1.6409e-18
-1.9222e-18
-5.6098e-18
-2.9562e-18
-7.9183e-19
3.4612e-18
6.894e-19
-1.9054e-18
6.5291e-18
1.1043e-18
1.1214e-19
2.4295e-18
8.0016e-18
6.7934e-19
-5.1766e-18
-5.2786e-18
-6.2412e-18
-4.8269e-18
1.1891e-18
3.4295e-18
-2.9737e-18
1.6685e-18
1.9157e-18
-3.4992e-18
-1.7329e-18
-5.5743e-18
-2.1168e-18
-5.9187e-18
-5.2873e-18
-8.8537e-18
7.3388e-20
1.2126e-18
3.9803e-18
2.9195e-18
1.4729e-18
-1.3569e-19
2.457e-18
-1.1126e-18
-8.9054e-19
2.8481e-18
-6.2704e-18
2.7433e-18
7.8934e-18
3.8639e-18
3.3656e-18
1.6936e-18
1.6609e-17
2.308e-18
8.154e-18
4.1111e-18
2.127e-18
1.5038e-18
5.9829e-19
-2.3351e-18
3.1677e-18
-1.872e-18
3.0134e-18
-3.582e-18
2.6805e-18
-8.3424e-19
2.255e-18
-2.6601e-19
2.6218e-18
-2.0712e-18
-1.9614e-19
-9.9569e-19
-5.3827e-18
-8.5454e-19
-5.8094e-18
2.136e-18
-3.5538e-18
-7.0968e-20
2.1885e-18
1.5739e-17
-1.473e-17
-3.5139e-18
0
2.7756e-17
0
6.9389e-18
-1.7347e-18
5.2042e-18
4.9873e-18
6.5052e-19
2.0329e-18
-9.4868e-19
4.1572e-18
-3.1611e-18
1.1956e-18
-5.4862e-18
3.0187e-18
-4.6041e-18
1.7785e-18
-5.9848e-18
1.6497e-18
-2.2598e-18
1.1001e-19
-4.2565e-18
1.4091e-18
-2.5595e-18
3.738e-18
1.3784e-18
4.4099e-18
2.6986e-18
1.8725e-19
6.2952e-18
-2.1217e-18
5.0228e-18
4.8806e-18
8.0626e-18
-6.9449e-18
5.8375e-18
-1.2949e-18
4.7068e-18
-3.8619e-18
-5.8805e-19
-1.1489e-18
6.1257e-19
-3.4808e-18
-7.1005e-18
1.0622e-18
-2.5339e-18
-4.7951e-18
-1.7108e-18
-5.2414e-18
2.8649e-18
-1.923e-18
4.5158e-18
2.4204e-19
-1.1786e-18
-2.2396e-18
-2.0701e-18
3.0358e-18
1.8974e-18
-3.4694e-18
-3.0358e-18
-1.0408e-17
-3.4694e-18
1.3878e-17
-6.9389e-18
-1.2143e-17
-6.0715e-18
-3.0358e-18
-3.0358e-18
-1.9516e-18
-2.2768e-18
5.9631e-18
-8.0502e-18
1.8042e-18
-5.0974e-18
-3.4707e-19
-2.653e-18
8.7059e-19
1.173e-18
6.0656e-19
5.6992e-18
8.1517e-18
1.1266e-17
-2.2965e-18
1.6175e-18
-1.7919e-18
5.123e-19
-1.8876e-18
-2.8837e-18
-4.6214e-18
1.4569e-19
1.3824e-18
2.5479e-18
-2.3852e-18
1.7347e-18
-6.0715e-18
-2.6021e-18
3.4814e-18
-2.382e-18
4.6341e-18
4.2327e-18
-5.405e-19
-1.1098e-18
2.555e-18
1.5155e-18
-9.6762e-19
2.3993e-18
-3.3438e-18
-3.2828e-18
1.0913e-18
1.4955e-18
-8.0786e-18
2.6631e-18
-7.0427e-18
2.3662e-18
4.0062e-20
-2.2932e-18
-5.6093e-18
-1.171e-19
-1.2705e-18
-3.6965e-18
-2.4937e-18
-2.4395e-18
1.7347e-18
-4.3368e-19
-3.4694e-18
3.4694e-18
1.3878e-17
-6.9389e-18
2.7756e-17
2.7756e-17
0
-6.9389e-18
-1.7347e-18
-5.2042e-18
2.8189e-18
-2.8189e-18
5.9631e-19
-2.8731e-18
-2.8969e-18
-6.2359e-18
-1.5675e-19
-1.6786e-18
-4.3709e-18
1.8736e-18
3.3453e-18
4.7242e-18
5.6478e-19
4.0224e-18
5.5052e-19
7.6978e-18
-5.0386e-19
4.0774e-18
-1.4721e-18
-4.7008e-19
-5.6334e-18
1.5783e-18
4.8158e-18
1.6421e-18
1.8252e-17
8.598e-18
-1.1793e-19
3.8374e-18
6.0477e-18
4.1828e-18
4.1319e-18
2.242e-18
-1.1291e-18
4.1888e-18
-1.622e-18
3.5259e-18
-2.0006e-18
2.4732e-18
-2.6039e-19
3.0009e-18
-1.4533e-18
8.6093e-18
9.1192e-18
3.2422e-18
3.3018e-18
4.6658e-19
3.2718e-18
-2.1096e-18
1.4011e-18
-3.4156e-18
-4.3041e-19
-1.8438e-18
2.0337e-18
-5.3219e-19
2.5149e-18
2.0954e-18
1.6569e-17
2.9161e-18
4.3837e-18
9.6134e-18
1.2268e-17
-2.6836e-19
1.3495e-18
-6.9692e-18
-3.9909e-18
-5.0707e-18
-3.7718e-19
-1.3942e-18
-3.1952e-18
-2.8784e-18
-5.4953e-19
2.9772e-19
1.1233e-18
-4.6329e-18
3.8015e-19
-2.1551e-18
7.822e-18
-4.632e-18
6.1156e-19
-3.8692e-19
4.6755e-18
-3.0321e-18
-2.821e-18
1.5819e-18
-1.8014e-18
7.6136e-18
2.6753e-18
1.9487e-19
2.4438e-18
1.6187e-17
1.2595e-18
5.4567e-18
7.0883e-18
7.2167e-18
2.409e-18
-6.0134e-18
7.2998e-19
-6.3355e-18
6.5754e-18
-6.8697e-18
-3.5415e-18
-1.4043e-18
-1.135e-20
-1.106e-18
-4.347e-18
3.5213e-18
-8.8759e-18
-2.4801e-18
-1.0309e-17
3.4486e-18
-1.405e-18
-5.0925e-18
2.6987e-19
4.7002e-19
6.3085e-18
2.3955e-18
-3.4324e-18
4.6851e-18
2.0379e-18
7.3698e-18
1.1884e-17
2.4738e-17
-1.4064e-17
5.7826e-18
8.0826e-18
5.8471e-19
-5.6796e-18
-5.8471e-19
6.0101e-18
-2.2845e-18
-7.2343e-19
-2.3472e-18
1.8553e-18
2.9764e-19
-3.1392e-18
-6.1609e-18
-6.1523e-18
8.6572e-19
-1.0546e-17
-8.6824e-18
-6.2135e-18
-7.0987e-19
3.9175e-18
1.8704e-18
-4.5599e-18
-2.8826e-18
4.4027e-18
-2.4588e-18
-1.8754e-19
4.3793e-18
1.0725e-17
1.2417e-17
1.1014e-17
8.9566e-18
-2.135e-18
3.702e-18
-2.6587e-18
-1.8412e-19
6.8494e-19
-2.7722e-18
-2.9753e-18
-1.8252e-19
-5.0508e-18
-1.6043e-19
7.032e-19
-1.781e-18
7.9223e-19
1.4013e-18
6.3849e-18
8.4518e-18
-3.0548e-18
1.7533e-18
-1.5577e-18
-1.9756e-19
-4.9255e-19
-7.7522e-18
-9.0184e-18
-9.9813e-18
-4.1767e-18
-6.6807e-18
-4.2161e-18
6.8109e-18
1.0312e-18
1.1368e-18
4.402e-18
-3.4694e-18
7.465e-18
-6.2384e-18
8.1963e-18
-5.825e-19
-1.8114e-18
2.9373e-18
-6.2299e-19
-3.6914e-18
-4.1305e-20
-3.7521e-18
-1.7393e-18
-7.3984e-19
2.0886e-18
-1.1612e-18
4.0017e-19
1.2993e-19
-5.685e-18
-9.0244e-18
-2.4864e-18
3.6481e-18
-1.4633e-18
3.193e-18
-3.3914e-18
3.1823e-19
-2.6887e-18
1.0269e-19
-1.0951e-18
-2.1445e-19
-5.3357e-18
2.4923e-18
1.5113e-17
3.8069e-18
-9.3307e-19
2.1383e-18
9.0197e-19
-1.4024e-17
1.2292e-18
-5.6826e-19
5.7369e-18
-1.3757e-18
-2.12e-18
6.9914e-19
2.6056e-18
-1.7717e-18
1.0158e-18
8.595e-18
4.2418e-19
2.4008e-18
-9.3324e-19
5.9978e-18
-2.4103e-18
2.247e-18
-5.6778e-18
2.1904e-18
-4.7748e-18
5.33e-18
-3.8769e-18
1.0358e-17
-1.0456e-18
4.2654e-18
1.5305e-18
-2.7366e-18
1.6092e-17
3.1864e-17
-3.7251e-19
-1.328e-17
-4.0542e-18
3.8681e-18
-1.2431e-18
3.4197e-18
2.3764e-20
-2.151e-18
3.2283e-18
2.8387e-19
-1.6305e-18
1.2774e-18
-4.0854e-18
-1.8367e-18
-1.3038e-18
-5.758e-18
-6.9075e-18
-6.2206e-18
-4.2577e-18
-1.1244e-18
-2.3096e-18
2.957e-18
-3.7566e-18
-9.6091e-19
-1.3621e-18
2.0009e-18
-1.0183e-18
3.0003e-18
-2.516e-18
-2.1827e-18
-1.3192e-17
-8.5265e-19
7.181e-18
2.7501e-18
1.6265e-19
4.6462e-19
-4.1842e-18
-2.518e-18
-2.2423e-18
-2.8087e-18
-3.7893e-18
-1.6642e-18
-1.6687e-18
-3.7563e-19
-1.5352e-18
1.253e-18
-7.639e-18
-6.2603e-19
-3.8999e-18
1.6367e-18
2.6736e-18
3.6998e-18
-3.3726e-19
4.88e-18
-2.213e-18
1.7155e-18
-4.868e-18
3.0485e-18
-5.9174e-18
-2.6101e-19
2.6574e-18
-1.0451e-18
-3.8841e-18
-1.1703e-17
-1.0774e-17
-7.7881e-20
-1.5774e-17
-4.0661e-18
5.2137e-18
2.0872e-18
1.3378e-19
5.0786e-18
-8.1898e-19
5.2979e-18
-1.2893e-18
1.0927e-18
1.2981e-18
3.1403e-18
-9.1587e-18
-2.2726e-19
5.8263e-18
1.4092e-18
-1.1196e-17
3.5339e-18
2.5596e-18
1.1446e-18
-3.899e-18
-4.1177e-18
-3.7103e-18
-4.1877e-18
-1.2648e-18
-3.3328e-18
-3.7574e-18
-1.1616e-17
-7.8622e-18
-5.6262e-18
-3.7522e-18
4.4494e-18
3.5624e-18
6.7509e-18
-3.3264e-18
-6.3862e-18
-3.5118e-18
4.1512e-19
-3.013e-18
1.7049e-18
-5.5745e-18
-1.9967e-18
-1.4965e-18
5.8899e-19
6.7408e-18
1.4346e-18
5.4718e-19
2.7797e-18
6.9684e-18
3.2114e-18
3.3554e-18
6.6684e-18
3.43e-19
-4.4712e-18
-4.4667e-18
9.2352e-22
1.7194e-18
-2.6481e-19
-3.5967e-18
-4.5944e-18
-1.9815e-17
-1.4094e-17
0
0
0
0
1.3878e-17
-6.9389e-18
0
-8.6736e-19
0
8.6736e-19
2.9816e-19
-6.8508e-18
-2.9561e-18
1.4541e-18
5.0034e-18
3.3505e-18
-9.0714e-19
4.5569e-18
-4.7088e-18
2.08e-18
2.1087e-18
7.795e-19
-2.0578e-18
-4.1735e-18
3.164e-18
-1.2856e-18
4.2412e-18
6.3082e-19
3.9212e-18
3.716e-19
-5.8366e-18
-9.3167e-18
-7.0328e-18
5.5543e-18
-8.641e-18
-4.1373e-18
3.1874e-18
1.0995e-18
-2.6419e-18
-3.3566e-18
1.9163e-18
-5.7972e-18
-5.4397e-18
5.8209e-19
4.1088e-18
-4.7581e-18
-5.9812e-18
-6.6533e-19
3.9263e-18
-1.4353e-18
2.6674e-18
2.066e-18
6.7339e-19
-2.4293e-18
-6.1393e-18
1.1926e-18
-6.5052e-18
1.7347e-18
-5.2042e-18
-6.9389e-18
-1.3878e-17
0
0
0
