8.971e-16
6.989e-16
5.6727e-16
-1.5015e-16
-4.4283e-16
-8.6651e-16
-5.5375e-16
-3.6099e-16
2.6017e-16
3.1868e-16
5.3774e-16
2.1626e-16
2.598e-16
-7.3141e-17
2.488e-17
-2.4996e-16
-1.2651e-16
-3.492e-16
-1.0633e-16
-1.9044e-16
1.5558e-16
5.4969e-17
3.1138e-16
7.4159e-17
2.2074e-16
-4.0766e-17
1.0842e-16
-1.8431e-16
-5.1174e-17
-3.0217e-16
-7.5704e-17
-2.076e-16
1.0169e-16
-2.1963e-17
2.1926e-16
-1.6042e-17
1.4842e-16
-1.0088e-16
7.8509e-17
-1.6164e-16
1.7355e-17
-2.2895e-16
-1.2684e-17
-1.8997e-16
1.0124e-16
-3.9156e-17
2.2938e-16
2.5501e-17
2.4584e-16
-6.5594e-18
1.8431e-16
-1.0235e-16
7.8063e-17
-1.9082e-16
3.4694e-17
-1.9429e-16
1.0408e-16
-2.7756e-17
2.2204e-16
6.9389e-18
2.1684e-16
-1.5613e-17
1.6437e-16
-8.8905e-17
1.1674e-16
-1.4054e-16
7.6816e-17
-1.4924e-16
1.1434e-16
-6.9782e-17
2.2211e-16
1.9599e-17
2.7048e-16
-5.678e-18
1.8836e-16
-1.2342e-16
5.7554e-17
-2.226e-16
-6.1771e-18
-2.5706e-16
3.2586e-18
-2.2572e-16
4.7815e-17
-1.8368e-16
6.6289e-17
-2.0898e-16
1.6514e-17
-2.642e-16
-9.8182e-18
-2.9702e-16
-4.0977e-17
-2.971e-16
-1.4561e-17
-1.9924e-16
1.4591e-16
-2.2737e-17
2.7857e-16
2.2022e-17
2.2201e-16
-1.0746e-16
8.7059e-17
-2.1492e-16
4.0086e-17
-1.9782e-16
1.0806e-16
-1.2946e-16
1.5961e-16
-7.2552e-17
2.2572e-16
1.5572e-17
3.4218e-16
1.2113e-16
4.243e-16
1.5525e-16
3.9438e-16
5.7496e-17
2.1916e-16
-1.7723e-16
-6.0315e-17
-4.477e-16
-2.2047e-16
-4.9988e-16
-1.1403e-16
-2.8919e-16
1.0996e-16
-1.0057e-16
2.1533e-16
-6.8602e-17
2.0258e-16
-9.0391e-17
2.1674e-16
-3.6417e-17
2.9125e-16
2.1985e-17
3.1247e-16
-2.4813e-18
2.6081e-16
-5.0636e-17
2.2328e-16
-9.7341e-17
1.6509e-16
-1.7199e-16
9.2824e-17
-2.2632e-16
6.5516e-17
-2.2489e-16
8.5867e-17
-1.9221e-16
1.1932e-16
-1.9554e-16
7.9713e-17
-2.4332e-16
5.7204e-17
-2.8726e-16
4.1219e-17
-2.4281e-16
9.9484e-17
-1.9076e-16
1.4886e-16
-1.5741e-16
1.6188e-16
-1.6698e-16
1.3207e-16
-2.0132e-16
1.0932e-16
-2.288e-16
9.8591e-17
-2.2388e-16
9.3664e-17
-2.1739e-16
1.5102e-16
-1.3609e-16
2.2898e-16
-1.2025e-16
1.771e-16
-1.8418e-16
1.491e-16
-1.71e-16
1.6657e-16
-1.6143e-16
1.9377e-16
-1.0481e-16
2.6592e-16
-3.4435e-17
3.1714e-16
-7.7323e-17
2.4464e-16
-1.0036e-16
2.2781e-16
-1.3575e-16
1.8566e-16
-1.9957e-16
1.4007e-16
-1.7597e-16
2.2688e-16
-7.8898e-17
2.861e-16
-9.4304e-17
2.1363e-16
-1.8366e-16
1.4337e-16
-2.4648e-16
1.1123e-16
-2.4705e-16
1.3727e-16
-1.9744e-16
2.2561e-16
-1.0589e-16
2.9528e-16
-8.881e-17
2.6739e-16
-1.3784e-16
2.1126e-16
-2.0188e-16
1.009e-16
-3.1153e-16
4.2057e-17
-2.64e-16
2.7758e-16
2.7345e-17
4.8499e-16
1.0633e-17
2.2742e-16
-3.6068e-16
-7.5028e-17
-4.8235e-16
2.1437e-17
-2.1801e-16
3.3872e-16
1.7785e-17
4.0777e-16
-9.1794e-17
2.0765e-16
-2.9474e-16
7.4206e-17
-3.3615e-16
1.1876e-16
-2.5023e-16
2.2693e-16
-1.4089e-16
3.0823e-16
-1.1628e-16
2.6823e-16
-2.1823e-16
1.436e-16
-3.2479e-16
1.1689e-16
-3.0411e-16
1.8708e-16
-2.522e-16
1.8459e-16
-2.4412e-16
1.8555e-16
-2.5994e-16
1.9111e-16
-2.5414e-16
1.9669e-16
-2.48e-16
2.0892e-16
-2.4582e-16
2.1591e-16
-2.2687e-16
2.4873e-16
-1.9211e-16
2.8348e-16
-1.9175e-16
2.4981e-16
-2.267e-16
2.3309e-16
-2.5441e-16
2.1965e-16
-2.5985e-16
2.2104e-16
-2.6365e-16
2.0979e-16
-2.9229e-16
1.7472e-16
-3.0941e-16
1.8576e-16
-2.8555e-16
2.192e-16
-2.5574e-16
2.2965e-16
-2.6016e-16
2.3668e-16
-2.3925e-16
2.7281e-16
-2.2044e-16
2.9113e-16
-2.1406e-16
2.8981e-16
-2.312e-16
2.7718e-16
-2.4662e-16
2.8349e-16
-2.4773e-16
2.8408e-16
-2.4807e-16
2.4767e-16
-3.1275e-16
1.9574e-16
-3.3379e-16
2.1951e-16
-2.9283e-16
2.6479e-16
-2.4799e-16
3.1645e-16
-2.0952e-16
3.6889e-16
-1.6112e-16
4.223e-16
-8.545e-17
4.4473e-16
-9.5112e-17
4.7741e-16
-1.1207e-16
4.4156e-16
-1.5498e-16
4.3252e-16
-1.6283e-16
3.9332e-16
-2.5866e-16
2.359e-16
-4.6511e-16
3.8748e-17
-6.2451e-16
-4.4102e-17
-6.5579e-16
-4.1383e-17
-6.3592e-16
-2.4023e-18
-5.7771e-16
1.0674e-16
-4.0504e-16
3.3228e-16
-1.6396e-16
5.8391e-16
5.2436e-17
7.5072e-16
1.2937e-16
6.9503e-16
-1.1541e-16
2.9873e-16
-5.5425e-16
-5.3887e-17
-7.0009e-16
1.2735e-16
-3.3646e-16
5.228e-16
-3.0459e-17
6.6977e-16
-3.8705e-17
5.5322e-16
-2.2166e-16
3.7766e-16
-3.7541e-16
2.6526e-16
-4.7699e-16
1.6442e-16
-5.9529e-16
6.6015e-17
-6.5699e-16
7.9139e-17
-6.0656e-16
1.3168e-16
-5.7654e-16
1.5404e-16
-5.5502e-16
2.218e-16
-4.5416e-16
3.6326e-16
-3.2149e-16
4.7802e-16
-2.3089e-16
5.5015e-16
-1.9745e-16
5.9227e-16
-2.1225e-16
5.5599e-16
-2.4939e-16
5.4028e-16
-2.5455e-16
5.2395e-16
-3.1447e-16
4.4578e-16
-4.072e-16
3.9747e-16
-3.9866e-16
4.3171e-16
-4.1771e-16
3.6074e-16
-4.9966e-16
3.7291e-16
-4.2412e-16
4.5245e-16
-3.9271e-16
4.5295e-16
-4.0931e-16
4.8901e-16
-3.6917e-16
4.9771e-16
-4.3651e-16
4.3122e-16
-4.6775e-16
4.5795e-16
-4.5421e-16
4.4138e-16
-5.2294e-16
3.6963e-16
-5.6196e-16
3.9344e-16
-5.5187e-16
3.8162e-16
-5.9576e-16
3.5517e-16
-6.1649e-16
3.9381e-16
-5.5289e-16
4.7686e-16
-4.8968e-16
5.4858e-16
-4.5091e-16
5.9295e-16
-4.3522e-16
5.9487e-16
-4.56e-16
5.9885e-16
-4.5553e-16
6.2572e-16
-4.3775e-16
6.3677e-16
-4.7093e-16
6.0616e-16
-5.1541e-16
5.8292e-16
-5.4392e-16
5.6733e-16
-6.01e-16
5.1435e-16
-6.8004e-16
4.6667e-16
-6.6465e-16
6.1873e-16
-5.1636e-16
7.1455e-16
-5.1494e-16
6.3521e-16
-6.6392e-16
5.3104e-16
-7.2034e-16
5.7362e-16
-6.3434e-16
6.9887e-16
-5.4772e-16
7.4906e-16
-6.1049e-16
6.3128e-16
-7.6949e-16
5.3589e-16
-8.4324e-16
5.3527e-16
-8.1009e-16
6.3577e-16
-7.3176e-16
7.3663e-16
-6.8877e-16
7.4882e-16
-7.5068e-16
6.8777e-16
-8.1292e-16
7.3171e-16
-7.3717e-16
8.4726e-16
-6.4729e-16
9.0985e-16
-6.9679e-16
8.9108e-16
-7.291e-16
8.8747e-16
-7.629e-16
8.915e-16
-8.1096e-16
8.6548e-16
-8.6282e-16
8.6277e-16
-8.9092e-16
8.919e-16
-8.9219e-16
9.2177e-16
-9.112e-16
9.28e-16
-9.5381e-16
9.3202e-16
-9.7881e-16
9.655e-16
-9.7792e-16
1.0235e-15
-9.6798e-16
1.0643e-15
-1.0165e-15
1.0408e-15
-1.0825e-15
1.027e-15
-1.138e-15
1.0547e-15
-1.1519e-15
1.0825e-15
-1.2212e-15
1.0755e-15
-1.2525e-15
1.1345e-15
-1.269e-15
1.1693e-15
-1.3109e-15
1.2121e-15
-1.3272e-15
1.2821e-15
-1.3339e-15
1.347e-15
-1.3268e-15
1.4542e-15
-1.3166e-15
1.5103e-15
-1.3767e-15
1.5199e-15
-1.4562e-15
1.5643e-15
-1.4927e-15
1.6157e-15
-1.5578e-15
1.6338e-15
-1.6364e-15
1.6468e-15
-1.7082e-15
1.697e-15
-1.7746e-15
1.7208e-15
-1.8167e-15
1.7716e-15
-1.8752e-15
1.8251e-15
-1.897e-15
1.9175e-15
-1.8643e-15
2.0128e-15
-1.8663e-15
2.0218e-15
-1.8956e-15
3.3214e-15
3.1196e-14
6.9277e-13
1.2245e-11
1.8503e-10
2.3823e-09
2.6141e-08
2.4446e-07
1.9484e-06
1.3234e-05
7.6605e-05
0.00037791
0.0015889
0.0056932
0.017385
0.045244
0.10035
0.18968
0.30555
0.41948
0.4908
0.48939
0.41588
0.3012
0.1859
0.097789
0.043838
0.016748
0.0054533
0.0015132
0.00035786
7.2125e-05
1.2389e-05
1.8135e-06
2.2624e-07
2.4054e-08
2.1796e-09
1.6831e-10
1.1075e-11
6.2329e-13
2.7735e-14
3.2113e-15
-1.9649e-15
1.928e-15
-2.0354e-15
1.8835e-15
-1.9788e-15
1.8933e-15
-1.8736e-15
1.9065e-15
-1.7987e-15
1.8525e-15
-1.744e-15
1.8071e-15
-1.7136e-15
1.7449e-15
-1.6837e-15
1.684e-15
-1.6518e-15
1.6061e-15
-1.6404e-15
1.5246e-15
-1.6055e-15
1.4848e-15
-1.5437e-15
1.4337e-15
-1.5277e-15
1.3387e-15
-1.5069e-15
1.333e-15
-1.4163e-15
1.3432e-15
-1.3254e-15
1.3394e-15
-1.2461e-15
1.3438e-15
-1.1916e-15
1.3092e-15
-1.1553e-15
1.2885e-15
-1.1102e-15
1.2726e-15
-1.0784e-15
1.1952e-15
-1.0978e-15
1.1263e-15
-1.0944e-15
1.1102e-15
-1.0667e-15
1.0548e-15
-1.0744e-15
9.8824e-16
-1.0702e-15
9.7598e-16
-1.0153e-15
9.9003e-16
-9.6403e-16
9.7503e-16
-9.4422e-16
9.5131e-16
-9.3617e-16
9.0824e-16
-9.2002e-16
9.0419e-16
-8.9472e-16
8.8588e-16
-8.8622e-16
8.4344e-16
-9.0047e-16
7.894e-16
-9.138e-16
7.5939e-16
-9.0062e-16
7.3522e-16
-9.1791e-16
6.8185e-16
-9.0464e-16
7.0047e-16
-8.0029e-16
7.9935e-16
-6.8755e-16
8.2162e-16
-7.2256e-16
7.1614e-16
-7.6763e-16
7.0277e-16
-6.9666e-16
7.8392e-16
-5.8681e-16
8.5648e-16
-5.2572e-16
8.3525e-16
-5.8867e-16
7.0526e-16
-7.1896e-16
5.8015e-16
-7.6351e-16
5.9891e-16
-6.5849e-16
6.987e-16
-5.4915e-16
7.2295e-16
-5.8505e-16
5.954e-16
-7.1723e-16
4.8807e-16
-7.0286e-16
5.7006e-16
-5.6164e-16
6.9005e-16
-5.0236e-16
6.448e-16
-5.5971e-16
5.8562e-16
-5.9134e-16
5.4639e-16
-6.0244e-16
5.0699e-16
-6.414e-16
4.6071e-16
-6.4111e-16
4.5696e-16
-6.1996e-16
4.7575e-16
-5.9317e-16
4.6244e-16
-6.0381e-16
4.4748e-16
-5.8872e-16
4.7675e-16
-5.2965e-16
5.341e-16
-4.5732e-16
6.0708e-16
-3.8392e-16
6.2577e-16
-3.938e-16
5.8563e-16
-4.2609e-16
5.77e-16
-3.903e-16
5.4748e-16
-4.2256e-16
4.7997e-16
-4.9136e-16
4.5124e-16
-4.5742e-16
4.7076e-16
-4.766e-16
3.9528e-16
-5.2888e-16
3.9076e-16
-4.7428e-16
4.1953e-16
-4.7934e-16
4.0172e-16
-4.2584e-16
5.0097e-16
-3.5452e-16
4.8496e-16
-4.2487e-16
4.1667e-16
-4.2891e-16
4.3025e-16
-4.1542e-16
3.8032e-16
-5.0209e-16
2.8919e-16
-5.5003e-16
2.6177e-16
-5.7259e-16
2.1891e-16
-5.9668e-16
1.6864e-16
-5.9875e-16
2.0588e-16
-5.4936e-16
2.9179e-16
-4.4854e-16
3.9843e-16
-3.0382e-16
5.2668e-16
-1.9645e-16
5.9327e-16
-1.5868e-16
6.0504e-16
-1.2899e-16
6.479e-16
-7.4043e-17
6.4591e-16
-1.3133e-16
5.4071e-16
-2.4012e-16
4.3628e-16
-3.3126e-16
3.2114e-16
-4.8156e-16
1.2989e-16
-6.5869e-16
4.7891e-18
-6.5857e-16
1.5503e-16
-3.4486e-16
5.6843e-16
3.3107e-17
7.0617e-16
-9.8385e-17
3.409e-16
-5.5493e-16
-4.6185e-17
-7.9251e-16
-1.0551e-16
-6.9725e-16
5.9491e-17
-4.7567e-16
3.0193e-16
-2.2274e-16
5.2018e-16
-4.5874e-17
6.251e-16
4.6016e-18
6.5547e-16
3.173e-17
6.6343e-16
6.8199e-18
5.7288e-16
-1.5006e-16
3.6979e-16
-3.3967e-16
2.1209e-16
-4.3314e-16
1.6681e-16
-4.3633e-16
1.5144e-16
-4.3683e-16
1.5706e-16
-4.6891e-16
1.065e-16
-4.4114e-16
1.5521e-16
-4.1845e-16
1.9793e-16
-3.5721e-16
2.4922e-16
-3.0497e-16
2.9771e-16
-2.5369e-16
3.3224e-16
-2.1309e-16
3.4956e-16
-2.2394e-16
2.9457e-16
-2.8272e-16
2.5983e-16
-2.9306e-16
2.583e-16
-2.8524e-16
2.4919e-16
-2.9866e-16
2.2769e-16
-3.1197e-16
2.212e-16
-3.0092e-16
2.4323e-16
-2.7555e-16
2.74e-16
-2.444e-16
2.8155e-16
-2.3255e-16
2.8614e-16
-2.2706e-16
3.251e-16
-1.9603e-16
3.0968e-16
-2.1349e-16
2.7548e-16
-2.4151e-16
2.6553e-16
-2.3392e-16
2.6646e-16
-2.3329e-16
2.6177e-16
-2.5568e-16
2.1998e-16
-2.8406e-16
1.9772e-16
-2.8124e-16
2.2499e-16
-2.2976e-16
2.6264e-16
-2.1198e-16
2.5763e-16
-2.1762e-16
2.6322e-16
-2.0262e-16
2.7323e-16
-1.9714e-16
2.688e-16
-1.9424e-16
2.5535e-16
-2.2657e-16
2.6746e-16
-1.5582e-16
3.3276e-16
-1.2008e-16
2.8992e-16
-2.2648e-16
1.6336e-16
-3.3067e-16
1.2126e-16
-3.0196e-16
1.9239e-16
-1.884e-16
3.1014e-16
-1.0096e-16
3.4436e-16
-1.3731e-16
2.1202e-16
-3.3879e-16
1.7509e-17
-4.3334e-16
8.2646e-17
-1.9578e-16
3.9147e-16
6.0733e-17
4.8116e-16
-6.9254e-17
1.6648e-16
-4.226e-16
-7.3053e-17
-4.3008e-16
1.4279e-16
-1.3681e-16
3.6046e-16
-6.0247e-17
2.7931e-16
-1.8511e-16
1.8621e-16
-2.4747e-16
1.2579e-16
-2.9877e-16
9.5469e-17
-2.8191e-16
1.62e-16
-1.8775e-16
2.3898e-16
-1.4337e-16
2.6576e-16
-1.4352e-16
2.2994e-16
-1.9713e-16
1.4837e-16
-2.7872e-16
8.4374e-17
-2.8691e-16
1.4802e-16
-1.8591e-16
2.2732e-16
-1.6191e-16
1.853e-16
-2.3381e-16
1.3544e-16
-2.5224e-16
1.0796e-16
-2.8292e-16
5.9856e-17
-3.2189e-16
1.0762e-16
-2.4288e-16
1.6507e-16
-1.8299e-16
1.8625e-16
-1.6802e-16
2.0131e-16
-1.6877e-16
1.6758e-16
-2.2999e-16
1.127e-16
-2.1491e-16
1.9277e-16
-1.2222e-16
2.4199e-16
-1.0764e-16
2.4471e-16
-1.0885e-16
2.2688e-16
-1.3389e-16
2.0238e-16
-1.5762e-16
1.7719e-16
-1.701e-16
1.7901e-16
-1.4332e-16
2.1665e-16
-8.4377e-17
2.8344e-16
-5.4345e-17
2.7645e-16
-8.1382e-17
2.3161e-16
-1.1896e-16
2.0068e-16
-1.1651e-16
2.3101e-16
-7.8906e-17
2.4538e-16
-8.7369e-17
2.1561e-16
-1.4018e-16
1.398e-16
-2.1653e-16
8.5493e-17
-2.6072e-16
4.0954e-17
-3.1166e-16
-1.6462e-17
-3.3272e-16
1.1286e-17
-2.6332e-16
7.7471e-17
-2.118e-16
8.7007e-17
-2.3202e-16
8.5001e-17
-1.9255e-16
1.9429e-16
-6.9389e-18
4.4409e-16
1.8735e-16
5.1348e-16
1.6653e-16
3.5388e-16
-9.541e-17
6.4185e-17
-3.4217e-16
-1.0799e-16
-4.4553e-16
-1.3956e-16
-4.0704e-16
-5.3225e-17
-2.9864e-16
6.1221e-17
-1.9407e-16
1.1924e-16
-1.5011e-16
1.7576e-16
-7.5233e-17
2.5213e-16
-5.6673e-17
1.9929e-16
-1.6665e-16
5.1436e-17
-2.8836e-16
-3.8625e-19
-2.4386e-16
1.2414e-16
-6.6895e-17
2.9046e-16
4.1633e-17
3.1702e-16
2.7322e-17
2.8883e-16
-1.3878e-17
2.3896e-16
-5.1825e-17
1.9938e-16
-7.2669e-17
2.0706e-16
-3.119e-17
2.6001e-16
1.8739e-18
2.6368e-16
-2.9404e-17
1.9645e-16
-1.3077e-16
6.3372e-17
-2.4327e-16
-2.1477e-17
-2.6148e-16
3.9159e-17
-1.7358e-16
1.3733e-16
-9.04e-17
1.6993e-16
-9.503e-17
1.3363e-16
-1.4702e-16
7.9797e-17
-2.1337e-16
2.4286e-17
-2.2898e-16
5.5511e-17
-1.4572e-16
9.7145e-17
-5.5511e-17
2.2898e-16
-4.3368e-17
1.5786e-16
-1.5396e-16
5.1608e-17
-2.3796e-16
-1.4339e-17
-2.7405e-16
-5.5176e-18
-2.0064e-16
1.2729e-16
-4.185e-17
2.4234e-16
-7.8228e-18
2.0647e-16
-7.2726e-17
1.5124e-16
-1.2232e-16
7.4475e-17
-2.1304e-16
9.1027e-18
-1.98e-16
1.271e-16
-1.0521e-17
3.0042e-16
8.5771e-17
2.726e-16
-3.5969e-17
1.2352e-16
-1.8844e-16
-1.9765e-17
-2.9394e-16
-8.7179e-17
-2.7112e-16
6.988e-17
-2.2108e-17
3.1335e-16
1.3145e-16
3.2799e-16
3.6655e-17
1.756e-16
-1.388e-16
-5.5513e-17
-4.3757e-16
-3.2726e-16
-5.12e-16
-2.7935e-17
1.7072e-16
7.7396e-16
6.6313e-16
6.3283e-16
-7.5473e-17
-3.7844e-16
-9.1855e-16
-6.9423e-16
-5.8898e-16
1.2653e-16
3.9679e-16
8.5937e-16
5.4749e-16
4.1643e-16
-1.8423e-16
-2.3649e-16
-5.188e-16
-2.4425e-16
-2.9548e-16
4.9062e-17
-2.6321e-17
2.9464e-16
1.7081e-16
4.0478e-16
1.2039e-16
1.7771e-16
-1.9906e-16
-9.7711e-17
-3.2773e-16
-5.5133e-17
-1.7889e-16
8.9768e-17
-6.8243e-17
1.7016e-16
1.3622e-18
2.2651e-16
3.0882e-17
1.7864e-16
-8.6349e-17
3.8393e-17
-1.9794e-16
-5.3917e-18
-1.7119e-16
5.6343e-17
-9.2815e-17
1.4608e-16
-1.8392e-17
1.7219e-16
-1.6593e-18
1.5043e-16
-9.8562e-17
2.5201e-17
-2.107e-16
-2.786e-17
-1.8926e-16
3.6623e-17
-1.2541e-16
8.442e-17
-9.6966e-17
1.298e-16
-3.4191e-17
1.725e-16
-2.9115e-17
1.0545e-16
-1.2945e-16
3.2894e-17
-1.5365e-16
5.8022e-17
-9.6022e-17
1.0695e-16
-6.6469e-17
1.4278e-16
-2.0244e-17
1.618e-16
-4.5057e-17
9.4782e-17
-1.3079e-16
3.6445e-17
-1.3123e-16
7.1471e-17
-1.1864e-16
7.6667e-17
-7.6174e-17
1.2779e-16
5.3712e-18
2.1898e-16
5.5927e-17
2.0714e-16
-1.43e-17
1.0573e-16
-1.0169e-16
6.0654e-17
-9.4258e-17
9.9861e-17
-6.0071e-17
1.1895e-16
-3.2204e-17
1.2853e-16
-4.4381e-17
9.2104e-17
-1.0624e-16
9.9322e-18
-2.0449e-16
-7.1203e-17
-2.5015e-16
-8.0546e-17
-2.1402e-16
9.6519e-18
-6.2119e-17
2.0107e-16
1.354e-16
2.7531e-16
4.2711e-17
4.5074e-17
-2.5865e-16
-2.218e-16
-4.4618e-16
-3.0195e-16
-4.1875e-16
-1.983e-16
-2.265e-16
7.5725e-17
6.8642e-17
3.1442e-16
1.9302e-16
2.9577e-16
1.1177e-16
2.5847e-16
1.6406e-16
3.698e-16
2.2642e-16
3.0208e-16
2.3453e-17
4.3596e-17
-2.052e-16
-1.0113e-16
-2.4871e-16
-8.5343e-17
-1.9044e-16
-1.3482e-17
-1.3077e-16
5.4308e-17
-8.2999e-17
9.2604e-17
-5.2752e-17
9.1468e-17
-6.9326e-17
9.167e-17
-4.583e-17
9.6282e-17
-5.9951e-17
6.7559e-17
-5.3769e-17
1.2421e-16
3.0562e-17
1.7206e-16
-9.021e-19
6.4669e-17
-1.2292e-16
2.1203e-17
-8.218e-17
8.001e-17
-6.643e-17
3.33e-17
-1.1593e-16
4.5726e-17
-4.1792e-17
1.3084e-16
-2.8563e-17
4.5957e-17
-1.2029e-16
4.5084e-17
-6.2122e-18
1.407e-16
-3.5323e-17
2.4685e-18
-1.5245e-16
6.6738e-17
5.6056e-17
1.6921e-16
-7.6132e-17
-5.7492e-17
-1.6071e-16
5.245e-17
-2.2652e-17
5.6138e-17
-1.3527e-16
-3.3803e-17
-1.0931e-16
7.7062e-17
-2.7417e-17
5.0961e-17
-1.1364e-16
-1.3817e-17
-9.0341e-17
6.4101e-17
-4.9139e-17
3.1714e-17
-1.062e-16
-1.7814e-18
-6.7955e-17
9.1556e-17
1.1015e-17
9.6934e-17
-4.7602e-17
2.1829e-18
-1.4636e-16
1.8785e-17
-8.1898e-17
2.8798e-17
-8.2468e-17
4.2222e-17
-6.4328e-17
7.089e-17
-3.6918e-17
7.4777e-17
-6.4289e-17
2.3682e-17
-9.1186e-17
1.7017e-17
-1.009e-16
-5.2919e-18
-1.294e-16
6.3173e-18
-1.3309e-17
1.8572e-16
1.1693e-16
1.676e-16
-4.2555e-17
-6.2919e-17
-2.3078e-16
-1.1265e-16
-1.3467e-16
8.7112e-17
8.5144e-17
2.1688e-16
9.4485e-17
1.3088e-16
-5.2056e-17
-7.8204e-18
-1.6527e-16
-8.9185e-17
-1.51e-16
-1.2332e-17
-2.8559e-17
1.252e-16
7.5619e-17
1.6463e-16
3.0721e-17
5.3418e-17
-9.8907e-17
-2.8761e-17
-1.1714e-16
1.0535e-17
-3.5567e-17
8.1735e-17
4.6279e-18
1.0408e-16
3.3104e-17
1.1807e-16
1.9986e-17
9.4552e-17
-5.7231e-18
5.296e-17
-5.5608e-17
1.1456e-17
-8.3436e-17
5.326e-18
-6.1928e-17
5.6733e-17
-2.8664e-18
9.6848e-17
-3.4326e-18
6.1139e-17
-4.1973e-17
3.164e-17
-5.3407e-17
3.2078e-17
-3.8427e-17
5.2735e-17
-7.7499e-18
9.2972e-17
2.4168e-17
1.1886e-16
5.2145e-17
1.3549e-16
4.0385e-17
8.7011e-17
-3.0793e-17
3.5553e-18
-1.0429e-16
-4.518e-17
-1.1571e-16
-1.1913e-17
-7.2315e-17
3.0281e-17
-2.9589e-17
4.2051e-17
-4.3781e-17
7.5105e-18
-7.7644e-17
-2.6949e-17
-8.5562e-17
-1.4756e-17
-9.0008e-17
-2.6615e-18
-4.1429e-17
7.8856e-17
6.4789e-17
1.6344e-16
9.8001e-17
1.2286e-16
-4.1182e-18
-1.3173e-17
-1.4525e-16
-1.2928e-16
-2.3367e-16
-1.5999e-16
-1.9873e-16
-8.6892e-17
-1.0727e-16
-3.6904e-18
-4.4205e-17
2.5844e-17
-4.772e-17
9.5006e-18
-7.2239e-17
-2.7518e-17
-9.9067e-17
3.8126e-18
1.3208e-17
2.2275e-16
3.1724e-16
5.2942e-16
5.6948e-16
5.8935e-16
4.1193e-16
2.4575e-16
-8.6879e-17
-3.0927e-16
-6.0161e-16
-6.9541e-16
-7.7152e-16
-5.9523e-16
-3.9113e-16
-1.5328e-17
2.2303e-16
4.3293e-16
3.6312e-16
3.0293e-16
1.4798e-16
2.3029e-16
2.9345e-16
4.6707e-16
4.0643e-16
2.643e-16
-9.2297e-17
-3.7521e-16
-6.8691e-16
-7.6904e-16
-7.9181e-16
-5.8185e-16
-3.7824e-16
-5.8433e-17
1.3144e-16
3.178e-16
3.6827e-16
4.2175e-16
3.3614e-16
3.1575e-16
1.6214e-16
1.085e-16
-3.4663e-17
-3.7473e-17
-8.2831e-17
-1.1045e-18
6.5074e-18
9.4305e-17
5.2628e-17
5.4535e-17
-6.1582e-17
-9.8709e-17
-2.3106e-16
-2.4719e-16
-3.0703e-16
-2.4872e-16
-2.1909e-16
-7.52e-17
-2.846e-19
1.3574e-16
1.5201e-16
2.2898e-16
1.9776e-16
2.3245e-16
1.6653e-16
1.3878e-16
2.7756e-17
2.7756e-17
0
5.5511e-17
2.7756e-17
5.5511e-17
6.9389e-17
9.0206e-17
3.4694e-17
2.2551e-17
-6.9582e-17
-1.0075e-16
-1.7392e-16
-1.4951e-16
-1.4839e-16
-6.2668e-17
-4.0911e-17
4.6704e-17
7.8851e-17
1.5101e-16
1.5296e-16
1.9811e-16
1.4151e-16
1.2714e-16
3.1086e-17
1.1924e-17
-4.3033e-17
-7.1862e-18
-2.0247e-17
4.1037e-17
3.1333e-17
5.9956e-17
5.6379e-18
-2.6021e-18
-9.194e-17
-1.0365e-16
-1.713e-16
-1.6567e-16
-1.7564e-16
-1.2262e-16
-1.094e-16
-2.8352e-17
1.1005e-17
8.8107e-17
1.0273e-16
1.4733e-16
1.2848e-16
1.1758e-16
4.9712e-17
1.0276e-17
-4.8057e-17
-2.1205e-17
-8.0024e-19
8.078e-17
9.592e-17
1.0198e-16
3.3976e-17
-2.8677e-17
-1.0425e-16
-1.2577e-16
-1.3965e-16
-1.0755e-16
-8.3267e-17
-4.1633e-17
-2.7756e-17
-2.7756e-17
0
4.1633e-17
2.7756e-17
2.7756e-17
4.8572e-17
9.3675e-17
1.1449e-16
1.4832e-16
1.3856e-16
1.1026e-16
3.3746e-17
-3.3421e-17
-9.3596e-17
-9.7175e-17
-7.182e-17
-1.2868e-17
2.4128e-17
4.766e-17
-8.4424e-18
-5.6595e-17
-1.1647e-16
-1.3188e-16
-1.4267e-16
-1.102e-16
-8.4138e-17
-1.6628e-17
2.867e-17
9.2765e-17
1.2749e-16
1.6018e-16
1.6964e-16
1.4728e-16
1.1815e-16
8.1262e-17
2.178e-17
-1.7669e-17
-4.289e-17
-3.1272e-17
-1.898e-17
3.0806e-18
2.4306e-17
2.6721e-17
2.4873e-18
-4.9135e-17
-1.0679e-16
-1.5813e-16
-1.6149e-16
-1.6135e-16
-1.2685e-16
-8.9754e-17
-2.9843e-17
2.9365e-17
8.6697e-17
1.3871e-16
1.7542e-16
1.6414e-16
1.2128e-16
5.3922e-17
-5.4022e-18
-6.0052e-17
-7.6447e-17
-9.687e-17
-1.0263e-16
-6.7585e-17
-1.0211e-17
-1.371e-18
-1.4447e-17
-5.6355e-17
-1.2342e-16
-1.8795e-16
-2.0708e-16
-2.1812e-16
-1.9181e-16
-1.7321e-16
-9.3154e-17
-1.7176e-17
1.0983e-16
1.8966e-16
2.8081e-16
2.7979e-16
2.7138e-16
1.9754e-16
1.3063e-16
2.4334e-17
-2.6031e-17
-8.797e-17
-6.4383e-17
-4.8628e-17
2.7918e-17
3.8268e-17
5.9847e-17
-1.5779e-17
-8.2269e-17
-2.1265e-16
-2.8503e-16
-3.8166e-16
-3.9358e-16
-3.9112e-16
-3.0092e-16
-1.4839e-16
9.5084e-17
3.5875e-16
6.1939e-16
7.6627e-16
8.0232e-16
6.5078e-16
3.9844e-16
4.815e-17
-2.3788e-16
-4.4258e-16
-4.2447e-16
-3.2503e-16
-1.8172e-16
-1.8373e-16
-2.5182e-16
-4.07e-16
-3.7872e-16
-2.5712e-16
7.3332e-17
3.5442e-16
6.4279e-16
7.2917e-16
7.3753e-16
5.5565e-16
3.4474e-16
3.7167e-17
-2.233e-16
-4.7492e-16
-5.5408e-16
-6.2868e-16
-5.0488e-16
-3.7824e-16
-1.6611e-16
-6.7648e-17
5.5535e-17
5.4793e-17
8.6599e-17
2.985e-17
5.1806e-17
-3.9672e-18
3.6985e-17
8.2429e-18
6.4007e-17
5.9714e-17
1.4861e-16
1.5522e-16
2.2704e-16
1.8599e-16
1.8573e-16
9.0097e-17
6.219e-17
-4.8723e-17
-7.0913e-17
-1.5056e-16
-1.0705e-16
-1.1743e-16
-1.7553e-17
-1.6769e-17
5.4073e-17
2.7022e-17
6.3343e-17
2.2625e-17
6.8429e-17
2.9132e-17
4.7886e-17
-1.0172e-17
2.2805e-17
-1.7035e-17
3.6677e-17
1.7883e-17
8.6234e-17
5.3413e-17
1.0287e-16
3.7261e-17
4.7311e-17
-4.3157e-17
-3.5262e-17
-1.1854e-16
-8.3612e-17
-1.3041e-16
-6.181e-17
-9.2778e-17
-2.1585e-17
-5.5525e-17
1.1905e-17
-2.413e-17
4.1091e-17
-1.5106e-17
3.8286e-17
-2.0643e-17
-1.0278e-17
-6.6256e-17
-6.9997e-18
-7.843e-17
8.9468e-18
2.2831e-18
8.6192e-17
2.5669e-17
6.9068e-17
-1.679e-17
1.6595e-17
-6.5485e-17
-2.3405e-17
-9.253e-17
-4.4522e-17
-1.0397e-16
-4.3556e-17
-8.2575e-17
-1.9636e-18
-3.7152e-17
4.8215e-17
3.3265e-17
1.0397e-16
6.795e-18
2.0825e-17
-1.1027e-16
-9.2792e-17
-1.5467e-16
-4.5987e-17
-3.8833e-17
1.0194e-16
8.3275e-17
1.6358e-16
6.7348e-17
9.8732e-17
-3.6562e-17
-4.9933e-17
-1.9085e-16
-1.3419e-16
-1.5873e-16
1.0364e-17
4.2793e-17
2.0452e-16
1.3574e-16
1.4639e-16
-5.1038e-17
-8.6117e-17
-2.0668e-16
-8.7306e-17
-5.9847e-17
8.9513e-17
4.5095e-17
1.1013e-16
1.7072e-17
7.7117e-17
-1.971e-18
7.3757e-17
-2.9538e-17
2.728e-17
-6.5531e-17
3.4583e-17
-3.3241e-17
5.9897e-17
-3.1745e-17
4.8249e-17
-4.407e-18
8.7268e-17
1.1464e-17
8.7255e-17
-1.6432e-17
1.7726e-17
-1.0252e-16
1.8508e-17
-1.6768e-17
1.1705e-16
2.0176e-17
7.057e-17
-4.9262e-17
4.8007e-17
-6.8404e-18
1.119e-16
2.6616e-17
7.2911e-17
-6.4904e-17
4.3159e-17
1.1672e-17
1.5054e-16
2.5299e-17
4.8495e-17
-8.2935e-17
6.376e-17
5.8287e-17
1.6486e-16
-3.1564e-17
-6.2443e-17
-1.587e-16
4.257e-17
3.8285e-17
1.4337e-16
-6.7369e-17
-2.2398e-17
-1.0447e-16
7.7524e-17
1.6717e-18
6.7985e-17
-9.3334e-17
-1.2769e-17
-7.4117e-17
8.0348e-17
-9.9976e-19
8.4648e-17
-4.9298e-17
4.4252e-17
-4.3638e-17
9.8837e-17
-7.192e-18
5.8432e-17
-1.1813e-16
-5.5599e-17
-1.5948e-16
-3.7605e-18
-7.9266e-17
5.0302e-17
-7.2918e-17
2.811e-17
-8.3329e-17
4.3679e-17
-5.5376e-17
5.2962e-17
-7.2997e-17
2.5744e-17
-8.2668e-17
9.592e-17
-1.2675e-17
1.578e-16
5.4416e-17
2.152e-16
1.16e-16
2.3692e-16
6.8414e-17
9.395e-17
-1.5923e-16
-1.6967e-16
-3.6035e-16
-2.3374e-16
-3.0546e-16
-1.328e-16
-2.581e-16
-1.6832e-16
-3.2789e-16
-1.802e-16
-1.9641e-16
6.7564e-17
9.2104e-17
3.3846e-16
2.7708e-16
4.3155e-16
3.0043e-16
3.6145e-16
1.121e-16
7.5012e-17
-1.775e-16
-1.5073e-16
-2.6252e-16
-5.5833e-17
-8.5598e-17
1.3982e-16
6.8752e-17
2.2975e-16
9.2209e-17
2.1179e-16
4.1405e-17
1.3404e-16
-5.0735e-17
4.6933e-17
-1.113e-16
1.1746e-17
-1.1225e-16
3.0774e-17
-9.8315e-17
5.7574e-17
-6.6275e-17
8.7295e-17
-6.2842e-17
4.1739e-17
-1.4802e-16
-5.813e-17
-2.2056e-16
-6.13e-17
-1.5997e-16
3.3171e-17
-6.4242e-17
8.6784e-17
-5.4486e-17
1.072e-16
1.56e-18
1.4471e-16
-3.825e-17
7.1442e-17
-1.215e-16
1.3643e-17
-1.3533e-16
2.9897e-17
-1.0183e-16
7.3075e-17
-5.863e-17
1.2326e-16
-6.7205e-18
1.4457e-16
-4.2038e-17
5.2215e-17
-1.5407e-16
-1.8909e-17
-1.411e-16
4.2595e-17
-7.9234e-17
7.9156e-17
-5.5837e-17
1.3179e-16
1.4887e-17
1.9415e-16
3.4363e-17
1.5076e-16
-7.7545e-17
2.631e-17
-1.7027e-16
-5.5537e-18
-1.466e-16
4.536e-17
-7.1266e-17
1.3289e-16
9.2801e-19
1.9116e-16
1.2391e-17
1.4031e-16
-1.0665e-16
-4.3768e-18
-2.1906e-16
-4.6263e-17
-1.8253e-16
2.4676e-17
-1.1799e-16
9.8393e-17
-9.1328e-18
2.5174e-16
1.394e-16
2.881e-16
-4.0713e-18
1.0893e-18
-3.2716e-16
-2.183e-16
-3.6456e-16
-9.4976e-17
-1.5959e-16
1.4051e-16
1.1102e-16
4.5103e-16
3.3307e-16
4.3715e-16
0
-2.2204e-16
-7.5634e-16
-6.4705e-16
-5.8113e-16
9.5843e-17
4.0723e-16
