-0.00019451
0.0019076
0.0028232
0.0015995
-0.00044532
-0.0011387
0.00023519
0.0021892
0.002636
0.0011167
-0.00072447
-0.00091745
0.00072144
0.0024096
0.0023315
0.00059147
-0.00091633
-0.00056942
0.0012317
0.0025166
0.0018965
6.7158e-05
-0.00096781
-9.258e-05
0.0017115
0.0024588
0.0013426
-0.00039145
-0.00083291
0.0004856
0.0020873
0.0021994
0.00071497
-0.00070469
-0.00048839
0.0011012
0.0022772
0.0017333
9.605e-05
-0.00079373
4.8301e-05
0.0016549
0.0022116
0.0011042
-0.00040179
-0.00060542
0.00070505
0.0020269
0.0018614
0.00041306
-0.00065884
-0.00014159
0.0013538
0.0021073
0.0012654
-0.00019024
-0.00058587
0.00051748
0.0018312
0.0018389
0.00054623
-0.00054019
-0.00016899
0.0012101
0.001984
0.00126
-0.00010323
-0.00051229
0.00049599
0.0017249
0.001733
0.00052427
-0.00047056
-8.782e-05
0.0012035
0.0018698
0.0011314
-0.00012409
-0.00040732
0.0006031
0.0016912
0.0015623
0.000383
-0.0004312
8.4236e-05
0.0012956
0.0017442
0.00090073
-0.00020936
-0.00025179
0.00080942
0.0016814
0.0013137
0.0001638
-0.00037057
0.00034802
0.0014314
0.0015587
0.00058531
-0.00029248
-8.13e-06
0.0010754
0.0016228
0.00096944
-7.1288e-05
-0.00022
0.00069324
0.0015306
0.0012603
0.00022759
-0.00028504
0.00034795
0.0013273
0.0014334
0.00054359
-0.00022594
7.8934e-05
0.0010635
0.0014898
0.00083051
-7.8241e-05
-9.7312e-05
0.00078452
0.0014477
0.0010597
0.00012001
-0.00018234
0.00052455
0.0013337
0.0012189
0.00033514
-0.0001894
0.00030508
0.0011759
0.0013086
0.00054151
-0.00013752
0.00013606
0.0009991
0.0013377
0.00072245
-4.6871e-05
1.8485e-05
0.00082259
0.0013189
0.00086938
6.4369e-05
-5.2681e-05
0.00065965
0.0012665
0.00098001
0.00018161
-8.5716e-05
0.00051798
0.0011934
0.0010564
0.00029425
-8.9987e-05
0.00040077
0.0011106
0.0011032
0.00039539
-7.4538e-05
0.00030807
0.0010265
0.0011262
0.00048126
-4.7296e-05
0.00023794
0.00094704
0.0011313
0.0005504
-1.4671e-05
0.00018738
0.00087601
0.0011238
0.00060294
1.8537e-05
0.00015305
0.0008156
0.0011081
0.00063989
4.8991e-05
0.00013175
0.00076671
0.0010877
0.00066271
7.4545e-05
0.00012078
0.0007294
0.0010651
0.00067298
9.4022e-05
0.00011797
0.00070326
0.001042
0.00067219
0.00010705
0.00012178
0.00068755
0.001019
0.0006616
0.00011385
0.00013124
0.00068134
0.00099646
0.00064217
0.00011513
0.00014592
0.00068355
0.00097387
0.00061472
0.00011193
0.00016582
0.000693
0.00095038
0.00057992
0.00010565
0.00019122
0.00070836
0.00092474
0.00053838
9.8054e-05
0.00022253
0.00072806
0.00089548
0.00049083
9.1158e-05
0.00026023
0.00075021
0.000861
0.00043827
8.724e-05
0.00030459
0.00077256
0.0008197
0.00038213
8.8751e-05
0.00035552
0.00079249
0.00077021
0.00032439
9.8217e-05
0.00041234
0.00080702
0.00071159
0.00026771
0.00011803
0.00047355
0.00081287
0.0006437
0.00021538
0.00015012
0.00053669
0.00080672
0.00056738
0.00017133
0.00019565
0.00059827
0.00078553
0.00048476
0.00013987
0.00025456
0.00065374
0.00074702
0.00039944
0.00012525
0.00032521
0.00069775
0.00069021
0.00031655
0.00013111
0.00040407
0.00072466
0.000616
0.00024251
0.00015973
0.00048551
0.00072922
0.00052765
0.00018449
0.00021124
0.00056202
0.00070758
0.00043113
0.00014954
0.00028289
0.00062482
0.00065828
0.00033497
0.00014337
0.00036853
0.00066489
0.00058333
0.00024962
0.00016896
0.00045866
0.00067451
0.00048892
0.00018617
0.0002252
0.00054115
0.00064901
0.0003855
0.00015447
0.0003059
0.00060276
0.00058856
0.00028694
0.00016086
0.00039961
0.00063154
0.00049946
0.00020864
0.00020599
0.0004906
0.00061952
0.00039434
0.00016464
0.00028322
0.00056128
0.00056556
0.00029093
0.0001642
0.00037839
0.00059569
0.00047708
0.00020907
0.00020852
0.00047155
0.0005837
0.0003702
0.00016632
0.00028872
0.00054065
0.0005248
0.00026741
0.00017301
0.00038612
0.00056698
0.00043013
0.00019275
0.00022798
0.00047552
0.00054098
0.00032151
0.00016532
0.00031689
0.00053126
0.00046661
0.00022693
0.00019268
0.0004142
0.00053498
0.00036247
0.00017287
0.00026666
0.00048943
0.00048265
0.00025811
0.00017541
0.00036351
0.00051658
0.00038814
0.00018564
0.00023316
0.00044985
0.00048386
0.00028089
0.00016868
0.0003253
0.00049346
0.00039998
0.00019714
0.00021233
0.00041682
0.00047571
0.00029354
0.00016677
0.0002988
0.00047055
0.00040072
0.00020395
0.00020034
0.00039189
0.00046233
0.00029638
0.00016607
0.00028228
0.00045043
0.00039294
0.00020486
0.00019437
0.00037496
0.00044618
0.00029052
0.00016487
0.00027404
0.00043381
0.00037847
0.00020007
0.00019287
0.00036513
0.00042822
0.00027723
0.00016298
0.00027273
0.00042017
0.00035836
0.00019066
0.00019539
0.00036103
0.00040819
0.00025789
0.00016133
0.00027736
0.00040805
0.00033303
0.0001784
0.00020223
0.00036086
0.00038505
0.00023401
0.00016162
0.00028694
0.00039525
0.00030271
0.00016572
0.00021398
0.00036226
0.00035739
0.00020759
0.000166
0.00030007
0.00037907
0.00026803
0.00015564
0.00023089
0.00036216
0.00032399
0.00018145
0.00017658
0.00031439
0.00035665
0.00023061
0.00015155
0.00025226
0.00035683
0.00028458
0.00015943
0.00019463
0.00032629
0.00032571
0.0001936
0.00015666
0.0002756
0.00034227
0.0002407
0.00014603
0.00021966
0.00033091
0.00028549
0.00016187
0.00017294
0.00029627
0.00031529
0.00019642
0.00014557
0.00024847
0.00032293
0.0002381
0.0001415
0.0001996
0.00030773
0.00027511
0.00015841
0.00016046
0.00027458
0.0002983
0.00018936
0.00013809
0.00023186
0.00030294
0.00022513
0.00013484
0.00018898
0.00028901
0.00025672
0.00014859
0.00015408
0.00026046
0.00027721
0.00017396
0.00013255
0.00022366
0.00028292
0.000204
0.00012636
0.00018574
0.00027353
0.00023183
0.00013429
0.00015299
0.00025159
0.00025196
0.0001527
0.00012991
0.00022155
0.00026105
0.00017665
0.00011863
0.00018858
0.00025814
0.00020097
0.00011902
0.00015759
0.00024435
0.00022122
0.0001291
0.00013244
0.00022234
0.00023423
0.00014571
0.00011551
0.00019559
0.00023842
0.00016522
0.00010765
0.00016774
0.00023365
0.00018416
0.0001083
0.00014199
0.00022107
0.00019967
0.00011588
0.00012077
0.0002026
0.00020979
0.00012818
0.00010555
0.00018063
0.00021352
0.00014277
9.6851e-05
0.00015753
0.00021081
0.00015738
9.4362e-05
0.00013545
0.00020228
0.00017009
9.7151e-05
0.00011601
0.00018911
0.00017952
0.00010389
0.00010033
0.00017271
0.00018486
0.00011311
8.8939e-05
0.00015459
0.00018581
0.00012333
8.1895e-05
0.00013611
0.00018256
0.00013329
7.8839e-05
0.00011845
0.0001756
0.00014195
7.9154e-05
0.00010248
0.00016564
0.00014858
8.2052e-05
8.8798e-05
0.0001535
0.00015274
8.671e-05
7.7684e-05
0.00014
0.00015426
9.2317e-05
6.9199e-05
0.00012591
0.00015319
9.8168e-05
6.3194e-05
0.00011188
0.00014975
0.00010367
5.9398e-05
9.8417e-05
0.00014427
0.00010838
5.7439e-05
8.591e-05
0.00013714
0.00011199
5.6923e-05
7.4588e-05
0.00012875
0.00011432
5.7438e-05
6.4579e-05
0.00011951
0.00011531
5.8617e-05
5.5895e-05
0.00010976
0.00011497
6.012e-05
4.8488e-05
9.9812e-05
0.00011339
6.1677e-05
4.2241e-05
8.9921e-05
0.00011071
6.3061e-05
3.7017e-05
8.0271e-05
0.00010707
6.4114e-05
3.2646e-05
7.1006e-05
0.00010264
6.472e-05
2.8969e-05
6.2211e-05
9.7599e-05
6.4815e-05
2.5819e-05
5.3941e-05
9.2087e-05
6.4364e-05
2.3053e-05
4.6206e-05
8.6254e-05
6.3365e-05
2.0534e-05
3.9005e-05
8.0218e-05
6.1839e-05
1.8154e-05
3.2306e-05
7.4089e-05
5.9816e-05
1.5815e-05
2.6076e-05
6.7947e-05
5.7342e-05
1.3444e-05
2.0267e-05
6.1866e-05
5.446e-05
1.098e-05
1.4834e-05
5.5891e-05
5.1223e-05
8.3796e-06
9.7266e-06
5.0064e-05
4.767e-05
5.6106e-06
4.9034e-06
4.4407e-05
4.3849e-05
2.6512e-06
3.2108e-07
3.894e-05
3.9792e-05
-5.0844e-07
-4.0534e-06
3.3666e-05
3.5537e-05
-3.876e-06
-8.2503e-06
2.859e-05
3.1104e-05
-7.4476e-06
-1.2294e-05
2.3704e-05
2.6517e-05
-1.1222e-05
-1.6203e-05
1.9003e-05
2.1786e-05
-1.5187e-05
-1.999e-05
1.4473e-05
1.6924e-05
-1.9335e-05
-2.3662e-05
1.0099e-05
1.1932e-05
-2.3645e-05
-2.7225e-05
5.8652e-06
6.8127e-06
-2.8106e-05
-3.0676e-05
1.749e-06
1.5616e-06
-3.2692e-05
-3.4015e-05
-2.2691e-06
-3.8262e-06
-3.7384e-05
-3.7232e-05
-6.218e-06
-9.356e-06
-4.2154e-05
-4.0327e-05
-1.0122e-05
-1.5037e-05
-4.6973e-05
-4.3289e-05
-1.4018e-05
-2.0874e-05
-5.1811e-05
-4.6117e-05
-1.7935e-05
-2.6873e-05
-5.663e-05
-4.8807e-05
-2.1915e-05
-3.3034e-05
-6.1394e-05
-5.136e-05
-2.5996e-05
-3.9355e-05
-6.606e-05
-5.3785e-05
-3.0222e-05
-4.5823e-05
-7.0586e-05
-5.6093e-05
-3.4635e-05
-5.2424e-05
-7.4926e-05
-5.8307e-05
-3.928e-05
-5.9129e-05
-7.9039e-05
-6.0456e-05
-4.4198e-05
-6.5904e-05
-8.2884e-05
-6.2584e-05
-4.9425e-05
-7.27e-05
-8.6426e-05
-6.4741e-05
-5.4997e-05
-7.9462e-05
-8.9639e-05
-6.6992e-05
-6.093e-05
-8.6122e-05
-9.2507e-05
-6.9407e-05
-6.7237e-05
-9.2601e-05
-9.5031e-05
-7.2067e-05
-7.3907e-05
-9.8819e-05
-9.7224e-05
-7.5055e-05
-8.0912e-05
-0.00010469
-9.9128e-05
-7.8456e-05
-8.8201e-05
-0.00011012
-0.0001008
-8.2353e-05
-9.5703e-05
-0.00011505
-0.00010233
-8.6812e-05
-0.00010332
-0.00011941
-0.00010383
-9.1891e-05
-0.00011093
-0.00012316
-0.00010542
-9.7612e-05
-0.00011841
-0.00012629
-0.00010726
-0.00010397
-0.00012559
-0.00012883
-0.00010949
-0.00011092
-0.00013232
-0.00013084
-0.00011227
-0.00011836
-0.00013846
-0.00013245
-0.00011573
-0.00012618
-0.00014388
-0.00013379
-0.00012
-0.00013418
-0.00014849
-0.00013508
-0.00012513
-0.00014217
-0.00015226
-0.00013654
-0.00013113
-0.00014991
-0.00015521
-0.0001384
-0.00013796
-0.00015717
-0.00015743
-0.00014089
-0.00014548
-0.00016371
-0.00015907
-0.00014423
-0.0001535
-0.00016937
-0.00016039
-0.00014855
-0.00016175
-0.00017403
-0.00016165
-0.00015394
-0.00016992
-0.00017765
-0.0001632
-0.00016037
-0.00017769
-0.00018033
-0.00016534
-0.00016772
-0.00018475
-0.00018223
-0.00016837
-0.00017574
-0.00019084
-0.00018364
-0.00017251
-0.00018412
-0.00019579
-0.00018494
-0.00017786
-0.00019245
-0.00019957
-0.00018653
-0.0001844
-0.00020033
-0.00020226
-0.00018881
-0.00019195
-0.00020736
-0.00020413
-0.00019213
-0.00020019
-0.00021327
-0.00020556
-0.00019673
-0.0002087
-0.00021788
-0.000207
-0.00020267
-0.00021697
-0.00022123
-0.00020898
-0.00020985
-0.00022453
-0.00022353
-0.00021192
-0.00021794
-0.00023098
-0.00022518
-0.00021618
-0.00022648
-0.00023607
-0.00022669
-0.00022188
-0.00023492
-0.00023978
-0.00022864
-0.00022894
-0.00024268
-0.0002423
-0.00023157
-0.00023701
-0.00024928
-0.00024408
-0.00023586
-0.00024559
-0.00025444
-0.00024571
-0.00024168
-0.00025404
-0.00025814
-0.00024784
-0.0002489
-0.00026171
-0.00026063
-0.00025105
-0.00025713
-0.0002681
-0.00026245
-0.00025575
-0.00026576
-0.00027296
-0.00026427
-0.00026206
-0.00027407
-0.00027635
-0.00026683
-0.00026973
-0.00028139
-0.00027866
-0.00027071
-0.00027825
-0.00028725
-0.00028055
-0.00027623
-0.00028687
-0.00029151
-0.00028281
-0.00028333
-0.0002948
-0.00029442
-0.00028616
-0.00029161
-0.00030142
-0.00029657
-0.0002911
-0.00030032
-0.00030641
-0.00029876
-0.00029773
-0.00030862
-0.00030987
-0.00030182
-0.00030574
-0.00031574
-0.00031231
-0.00030639
-0.00031443
-0.00032125
-0.00031456
-0.0003127
-0.00032292
-0.00032513
-0.00031753
-0.00032052
-0.00033035
-0.00032784
-0.00032193
-0.00032918
-0.00033618
-0.00033022
-0.0003281
-0.00033776
-0.00034033
-0.00033323
-0.00033586
-0.00034534
-0.00034325
-0.00033766
-0.00034453
-0.00035131
-0.00034579
-0.00034388
-0.00035313
-0.00035558
-0.00034895
-0.00035171
-0.00036072
-0.00035861
-0.00035358
-0.00036042
-0.00036666
-0.00036133
-0.00036003
-0.000369
-0.0003709
-0.00036477
-0.00036805
-0.00037646
-0.000374
-0.00036976
-0.00037684
-0.00038223
-0.00037693
-0.0003766
-0.00038532
-0.00038633
-0.00038077
-0.0003849
-0.00039252
-0.00038946
-0.0003863
-0.00039374
-0.00039796
-0.00039269
-0.00039364
-0.000402
-0.00040185
-0.00039708
-0.00040224
-0.00040878
-0.00040505
-0.00040328
-0.00041105
-0.00041378
-0.00040871
-0.00041119
-0.00041893
-0.00041747
-0.00041384
-0.00042004
-0.00042514
-0.00042087
-0.00042083
-0.00042865
-0.00042967
-0.00042518
-0.00042931
-0.00043597
-0.00043326
-0.00043122
-0.00043825
-0.00044152
-0.00043711
-0.00043906
-0.00044644
-0.00044565
-0.00044232
-0.00044796
-0.00045302
-0.00044939
-0.00044939
-0.00045672
-0.00045789
-0.00045398
-0.00045797
-0.00046421
-0.00046183
-0.0004603
-0.00046701
-0.00046994
-0.00046607
-0.0004684
-0.00047525
-0.00047433
-0.00047176
-0.00047748
-0.00048184
-0.00047849
-0.00047932
-0.00048625
-0.00048681
-0.00048368
-0.00048823
-0.00049361
-0.00049108
-0.00049068
-0.00049732
-0.00049924
-0.00049595
-0.00049931
-0.00050533
-0.00050377
-0.00050245
-0.00050856
-0.00051162
-0.0005085
-0.00051076
-0.0005171
-0.00051655
-0.00051462
-0.00052005
-0.00052402
-0.00052128
-0.00052259
-0.00052899
-0.0005294
-0.00052712
-0.00053183
-0.00053648
-0.00053424
-0.00053478
-0.00054106
-0.00054233
-0.00053991
-0.00054393
-0.00054905
-0.00054736
-0.00054731
-0.00055337
-0.00055536
-0.00055295
-0.00055635
-0.00056178
-0.00056064
-0.00056018
-0.00056595
-0.00056853
-0.00056624
-0.00056912
-0.00057472
-0.00057409
-0.00057336
-0.00057884
-0.00058187
-0.00057978
-0.00058225
-0.00058791
-0.00058774
-0.00058685
-0.00059206
-0.00059543
-0.00059355
-0.00059572
-0.00060139
-0.00060159
-0.00060065
-0.00060563
-0.00060923
-0.00060757
-0.00060953
-0.00061517
-0.00061566
-0.00061473
-0.00061953
-0.00062327
-0.00062182
-0.00062367
-0.00062926
-0.00062995
-0.0006291
-0.00063378
-0.00063758
-0.00063631
-0.00063815
-0.00064366
-0.00064449
-0.00064376
-0.00064838
-0.00065219
-0.00065107
-0.00065297
-0.00065841
-0.0006593
-0.00065874
-0.00066335
-0.0006671
-0.00066612
-0.00066815
-0.00067351
-0.00067441
-0.00067404
-0.0006787
-0.00068233
-0.00068147
-0.0006837
-0.00068898
-0.00068982
-0.00068969
-0.00069442
-0.0006979
-0.00069716
-0.00069963
-0.00070481
-0.00070557
-0.00070573
-0.00071056
-0.00071383
-0.00071321
-0.000716
-0.00072105
-0.00072169
-0.00072219
-0.00072714
-0.00073015
-0.0007297
-0.00073283
-0.00073772
-0.00073823
-0.00073912
-0.00074419
-0.00074691
-0.00074665
-0.00075016
-0.00075484
-0.00075524
-0.00075658
-0.00076172
-0.00076412
-0.0007641
-0.00076801
-0.00077242
-0.00077272
-0.00077455
-0.00077973
-0.00078178
-0.00078208
-0.00078636
-0.00079044
-0.0007907
-0.00079308
-0.00079822
-0.00079992
-0.00080062
-0.00080525
-0.00080894
-0.00080923
-0.00081219
-0.00081721
-0.00081858
-0.00081977
-0.0008247
-0.00082795
-0.00082838
-0.00083193
-0.00083672
-0.00083783
-0.00083961
-0.00084473
-0.00084751
-0.00084821
-0.00085233
-0.00085678
-0.00085771
-0.00086015
-0.00086534
-0.00086765
-0.00086876
-0.00087337
-0.00087739
-0.00087828
-0.00088142
-0.00088652
-0.0008884
-0.00089006
-0.00089506
-0.00089856
-0.00089958
-0.00090342
-0.00090828
-0.00090984
-0.00091218
-0.00091741
-0.00092038
-0.00092172
-0.00092621
-0.00093068
-0.00093209
-0.0009352
-0.00094047
-0.00094295
-0.00094482
-0.00094984
-0.00095381
-0.00095528
-0.00095918
-0.00096428
-0.00096638
-0.00096895
-0.0009743
-0.00097771
-0.00097947
-0.0009841
-0.00098884
-0.00099072
-0.00099411
-0.00099954
-0.0010024
-0.0010047
-0.0010099
-0.0010141
-0.0010161
-0.0010203
-0.0010255
-0.001028
-0.0010311
-0.0010366
-0.0010402
-0.0010425
-0.0010475
-0.0010524
-0.0010547
-0.0010587
-0.0010643
-0.0010675
-0.0010704
-0.001076
-0.0010804
-0.0010829
-0.0010877
-0.0010931
-0.001096
-0.0010998
-0.0011057
-0.0011095
-0.0011125
-0.001118
-0.001123
-0.0011258
-0.0011305
-0.0011363
-0.0011397
-0.0011435
-0.0011495
-0.0011539
-0.001157
-0.0011626
-0.0011681
-0.0011713
-0.001176
-0.0011822
-0.0011861
-0.00119
-0.0011962
-0.0012012
-0.0012048
-0.0012105
-0.0012165
-0.0012202
-0.0012251
-0.0012317
-0.0012362
-0.0012404
-0.0012469
-0.0012524
-0.0012563
-0.0012622
-0.0012686
-0.0012729
-0.001278
-0.0012848
-0.0012898
-0.0012943
-0.0013011
-0.0013071
-0.0013115
-0.0013176
-0.0013245
-0.0013293
-0.0013348
-0.001342
-0.0013476
-0.0013527
-0.0013598
-0.0013664
-0.0013713
-0.001378
-0.0013853
-0.0013907
-0.0013968
-0.0014045
-0.0014107
-0.0014164
-0.0014241
-0.0014312
-0.0014368
-0.0014441
-0.0014519
-0.001458
-0.0014647
-0.001473
-0.0014798
-0.0014862
-0.0014945
-0.0015022
-0.0015086
-0.0015166
-0.0015251
-0.0015319
-0.0015394
-0.0015484
-0.0015559
-0.0015632
-0.0015723
-0.0015807
-0.001588
-0.0015969
-0.0016062
-0.0016138
-0.0016224
-0.0016323
-0.0016407
-0.001649
-0.0016591
-0.0016684
-0.0016768
-0.0016869
-0.001697
-0.0017058
-0.0017156
-0.0017265
-0.001736
-0.0017457
-0.001757
-0.0017673
-0.001777
-0.0017885
-0.0017998
-0.0018098
-0.0018212
-0.0018334
-0.0018441
-0.0018554
-0.0018682
-0.0018798
-0.0018912
-0.0019044
-0.0019171
-0.0019289
-0.0019421
-0.0019559
-0.0019683
-0.0019817
-0.0019963
-0.0020098
-0.0020234
-0.0020386
-0.0020532
-0.0020672
-0.0020829
-0.0020987
-0.0021135
-0.0021295
-0.0021464
-0.0021622
-0.0021786
-0.0021965
-0.0022136
-0.0022306
-0.0022492
-0.0022677
-0.0022855
-0.0023049
-0.0023248
-0.0023437
-0.0023638
-0.002385
-0.0024054
-0.0024263
-0.0024488
-0.0024709
-0.0024929
-0.0025165
-0.0025404
-0.0025637
-0.0025886
-0.0026143
-0.0026393
-0.0026654
-0.002693
-0.00272
-0.0027476
-0.002777
-0.0028063
-0.0028357
-0.002867
-0.0028988
-0.0029303
-0.0029635
-0.0029979
-0.003032
-0.0030674
-0.0031045
-0.0031415
-0.0031793
-0.0032192
-0.0032595
-0.0033002
-0.0033431
-0.003387
-0.0034311
-0.0034774
-0.0035253
-0.0035734
-0.0036233
-0.0036755
-0.0037282
-0.0037823
-0.0038391
-0.0038969
-0.0039559
-0.0040178
-0.0040814
-0.0041462
-0.0042139
-0.004284
-0.0043555
-0.0044298
-0.0045073
-0.0045865
-0.0046684
-0.0047541
-0.0048421
-0.0049327
-0.0050276
-0.0051257
-0.0052266
-0.0053322
-0.005442
-0.0055551
-0.0056733
-0.0057967
-0.0059243
-0.0060572
-0.0061966
-0.0063411
-0.0064916
-0.0066497
-0.0068143
-0.0069857
-0.0071658
-0.0073544
-0.007551
-0.0077579
-0.0079753
-0.0082026
-0.008442
-0.0086945
-0.0089595
-0.0092388
-0.0095343
-0.0098458
-0.010175
-0.010524
-0.010893
-0.011284
-0.0117
-0.012143
-0.012613
-0.013114
-0.013648
-0.014218
-0.014826
-0.015476
-0.016169
-0.016909
-0.017698
-0.018539
-0.019432
-0.020378
-0.021377
-0.022425
-0.023518
-0.024648
-0.025801
-0.026962
-0.028107
-0.029205
-0.030217
-0.031095
-0.031777
-0.03219
-0.032248
-0.031848
-0.030873
-0.029194
-0.026665
-0.023131
-0.018431
-0.012402
-0.0048848
0.004261
0.015153
0.027871
0.042442
0.058824
0.076897
0.096442
0.11714
0.13853
0.16008
0.1811
0.2008
0.21834
0.23279
0.24324
0.2488
0.24872
0.24238
0.22942
0.20978
0.18376
0.15204
0.11571
0.076259
0.035518
-0.0044171
-0.04131
-0.072925
-0.097201
-0.11244
-0.11746
-0.11177
-0.0957
-0.070386
-0.037813
-0.00068082
0.03778
0.074072
0.10475
0.12676
0.1378
0.13659
0.1231
0.098621
0.065687
0.027884
-0.010524
-0.045075
-0.071645
-0.086982
-0.089172
-0.077949
-0.054813
-0.022903
0.013367
0.048877
0.078516
0.097926
0.10419
0.096335
0.075535
0.045023
0.0096329
-0.024935
-0.05303
-0.070005
-0.07304
-0.061692
-0.038038
-0.0063722
0.027507
0.057335
0.077536
0.084301
0.076362
0.055304
0.025315
-0.0075974
-0.03678
-0.056296
-0.062173
-0.053284
-0.031643
-0.0020298
0.029006
0.054561
0.068926
0.068898
0.054559
0.029308
-0.00087909
-0.028833
-0.047894
-0.053533
-0.044495
-0.023158
0.0050202
0.032837
0.053166
0.060803
0.053841
0.034216
0.0072335
-0.019817
-0.039622
-0.046846
-0.039623
-0.020117
0.0060512
0.03137
0.048572
0.052741
0.042765
0.021697
-0.0041211
-0.026928
-0.039882
-0.039152
-0.025111
-0.0022553
0.022176
0.040462
0.046847
0.039394
0.020632
-0.0032438
-0.024377
-0.035839
-0.033933
-0.019451
0.0025722
0.024557
0.038959
0.040876
0.029764
0.009638
-0.012323
-0.028315
-0.032697
-0.024033
-0.0056171
0.01571
0.032068
0.037448
0.029958
0.012538
-0.0081405
-0.024197
-0.029558
-0.022292
-0.0053667
0.014503
0.029482
0.033708
0.025614
0.0085655
-0.010493
-0.023844
-0.026133
-0.016562
0.00078219
0.018619
0.029505
0.028954
0.017322
-0.00034009
-0.016445
-0.02412
-0.020166
-0.0064433
0.010944
0.024327
0.027849
0.020061
0.0045578
-0.011636
-0.021233
-0.019978
-0.0085812
0.007616
0.021105
0.025681
0.019319
0.0051145
-0.010182
-0.019356
-0.018142
-0.0072542
0.0079735
0.020159
0.023447
0.016343
0.0024341
-0.011385
-0.018318
-0.015025
-0.0032775
0.010946
0.020471
0.020549
0.011251
-0.0025826
-0.013831
-0.016759
-0.0099669
0.0028994
0.015064
0.020172
0.015626
0.0039379
-0.0086204
-0.015366
-0.012775
-0.002361
0.010163
0.01799
0.016923
0.0076517
-0.0046482
-0.013179
-0.013283
-0.0050145
0.0069105
0.015774
0.016636
0.0091054
-0.0024535
-0.011429
-0.012741
-0.0057404
0.0054371
0.014284
0.0157
0.0089527
-0.00192
-0.010499
-0.011773
-0.0050875
0.0054876
0.013608
0.014451
0.0076019
-0.002726
-0.010258
-0.01047
-0.003332
0.0066997
0.013439
0.012782
0.0052239
-0.0044703
-0.010254
-0.008577
-0.00058849
0.00861
0.013203
0.010342
0.0019345
-0.0065996
-0.0098118
-0.0057161
0.0029544
0.010542
0.012144
0.0067939
-0.0019355
-0.0082958
-0.0081493
-0.0016808
0.0067523
0.011534
0.0095287
0.0021593
-0.0055793
-0.008493
-0.0046865
0.0031782
0.0097162
0.010498
0.0050624
-0.0027968
-0.00766
-0.0062235
0.00043541
0.0076351
0.010365
0.0067787
-0.00053961
-0.006416
-0.0067426
-0.0013648
0.005837
0.009728
0.0075807
0.0010023
-0.0052464
-0.006689
-0.0023535
0.0045521
0.0089928
0.0077739
0.0018534
-0.0043883
-0.0063806
-0.0027197
0.0038222
0.008374
0.0075884
0.0021153
-0.0039123
-0.0059905
-0.0026179
0.0035993
0.0079407
0.0071511
0.0018921
-0.0037902
-0.005569
-0.0021414
0.0037993
0.0076605
0.0064968
0.001268
-0.0039328
-0.0050774
-0.0013323
0.0043175
0.0074301
0.0055975
0.00032078
-0.0042035
-0.0044169
-0.0002096
0.0050198
0.0070955
0.0044011
-0.00085029
-0.0044196
-0.0034639
0.0011851
0.0057228
0.0064751
0.0028783
-0.0020882
-0.0043594
-0.0021171
0.0027399
0.0061857
0.0053989
0.0010814
-0.0031515
-0.0037937
-0.00036079
0.0042312
0.0061294
0.0037772
-0.00079874
-0.0037235
-0.0025556
0.0016622
0.0053153
0.0053073
0.0016903
-0.0024068
-0.0034783
-0.0006481
0.0036002
0.0055895
0.003631
-0.0005335
-0.0032696
-0.0022224
0.0016449
0.0049199
0.0047452
0.001316
-0.0023169
-0.0029564
-8.0154e-05
0.0037218
0.0050677
0.0027922
-0.0010358
-0.0029861
-0.0013432
0.002373
0.0047991
0.0037681
0.00025146
-0.0025457
-0.0021043
0.0011311
0.0041823
0.0042711
0.0013526
-0.0018682
-0.002439
0.00012763
0.0034276
0.004407
0.0021889
-0.0011344
-0.0024688
-0.00060204
0.0026838
0.0043019
0.0027588
-0.00046124
-0.0023161
-0.0010811
0.0020379
0.0040687
0.0031018
9.0348e-05
-0.002081
-0.0013586
0.0015291
0.0037927
0.0032713
0.00049864
-0.0018339
-0.0014882
0.0011655
0.0035304
0.0033179
0.00076525
-0.0016183
-0.0015156
0.00093889
0.0033133
0.0032812
0.00090277
-0.0014558
-0.0014739
0.00083411
0.0031546
0.0031874
0.00092712
-0.0013522
-0.0013825
0.00083527
0.0030538
0.0030498
0.0008536
-0.0013019
-0.0012493
0.00092779
0.0030007
0.002871
0.00069609
-0.0012908
-0.0010725
0.0010981
0.0029778
0.0026457
0.00046832
-0.0012979
-0.0008442
0.0013317
0.0029608
0.0023644
0.00018632
-0.0012964
-0.00055421
0.0016101
0.0029203
0.0020173
-0.00012828
-0.0012546
