0.00010165450917100144
9.268242297626834e-05
9.753183717477708e-05
0.00010330856816924373
9.518295125593174e-05
9.035891430627177e-05
9.82312060088422e-05
9.896485237708211e-05
8.937884157639558e-05
9.001415070897766e-05
9.765148412396035e-05
9.303417505589565e-05
8.534840693954788e-05
9.070486190258624e-05
9.497119894139386e-05
8.67283523983001e-05
8.354023802709543e-05
9.10663641733667e-05
9.017243670884738e-05
8.143165069933542e-05
8.352919127351584e-05
8.983912506060551e-05
8.409208902571304e-05
7.814357631196703e-05
8.414526175569946e-05
8.639814928911027e-05
7.811590981830763e-05
7.703715326035088e-05
8.393384150486016e-05
8.105315706227918e-05
7.360700083433418e-05
7.734293451512955e-05
8.178011319979334e-05
7.495649867308822e-05
7.12974938724617e-05
7.765011183324608e-05
7.742882908159422e-05
6.961675556145866e-05
7.092405718838943e-05
7.653009517176977e-05
7.164117388372762e-05
6.620663162070113e-05
7.130940828789685e-05
7.321565514087532e-05
6.587263634296597e-05
6.498289164128348e-05
7.089729776851026e-05
6.800334966218947e-05
6.158275378498335e-05
6.512234668001882e-05
6.851580484857137e-05
6.21449060170462e-05
5.949488356221666e-05
6.510151587761637e-05
6.399403265752723e-05
5.723399512944094e-05
5.919241529339647e-05
6.347117980261274e-05
5.828766094655158e-05
5.437033614727471e-05
5.930267324366634e-05
5.963999917896201e-05
5.299767329935978e-05
5.354231843074375e-05
5.8220417001653146e-05
5.422908489173539e-05
4.949841046072989e-05
5.359843344417137e-05
5.500638308458122e-05
4.8755632534175364e-05
4.814468389013546e-05
5.287607093958091e-05
4.9950555692998555e-05
4.477433039207224e-05
4.803470431283263e-05
5.01683941631359e-05
4.443357602206682e-05
4.29489664396307e-05
4.7518492158907244e-05
4.54662418339271e-05
4.011402230772593e-05
4.2622623266694304e-05
4.519564735738779e-05
3.999322469036559e-05
3.7900202056961874e-05
4.219809685498954e-05
4.080547798718942e-05
3.545706822152481e-05
3.735239367424689e-05
4.0143339893694216e-05
3.5420751157824726e-05
3.29490972966473e-05
3.694134555774775e-05
3.600096469617148e-05
3.0764940436321664e-05
3.220467836757314e-05
3.505039341247622e-05
3.0717469532259845e-05
2.8057167895889634e-05
3.175761833374563e-05
3.108166483692387e-05
2.601678018438608e-05
2.715811839829052e-05
2.994068509768399e-05
2.5892791579808228e-05
2.3198381788991362e-05
2.6645855733482826e-05
2.607044891072413e-05
2.120578194775291e-05
2.2194239811419107e-05
2.4826271698365557e-05
2.096026819075475e-05
1.8358766954197636e-05
2.159916986026883e-05
2.098380601465652e-05
1.6335899239869334e-05
1.7299351330237606e-05
1.9710335587452832e-05
1.5935612501408875e-05
1.3534913414093436e-05
1.6607409839535653e-05
1.5832400564888896e-05
1.1418700137915544e-05
1.2463621382498291e-05
1.4588420485017739e-05
1.0834582964587558e-05
8.730082302198239e-06
1.1656579741070767e-05
1.0621233618099413e-05
6.470261192933341e-06
7.678621308685601e-06
9.449739559404952e-06
5.673312352716051e-06
3.951978946151007e-06
6.7294547065298305e-06
5.352712081827665e-06
1.51102303242584e-06
2.9363262156502368e-06
4.280076526932096e-06
4.70388236433264e-07
-7.892867600577114e-07
1.8056690590240176e-06
2.9581617516649672e-08
-3.435347480215266e-06
-1.773711260023153e-06
-9.363865375276725e-07
-4.75180081106405e-06
-5.484355773424654e-06
-3.138705817917753e-06
-5.342161226189711e-06
-8.343545710751826e-06
-6.467347344475682e-06
-6.215301317754121e-06
-9.96727281706486e-06
-1.0129799029435713e-05
-8.132647371067447e-06
-1.0752319807866978e-05
-1.3191239603402294e-05
-1.1169841435755166e-05
-1.1569803821605967e-05
-1.5146621576539107e-05
-1.473148180620304e-05
-1.3206967501093111e-05
-1.6181460075408854e-05
-1.7959976578085443e-05
-1.591385818420707e-05
-1.7003264093925358e-05
-2.025596814583981e-05
-1.930627393359908e-05
-1.838917573993709e-05
-2.1598537106794213e-05
-2.2640465359489645e-05
-2.073940596413089e-05
-2.2506032201066728e-05
-2.526270828766622e-05
-2.3886965620650152e-05
-2.3699924352660242e-05
-2.6963405053998662e-05
-2.724022291650252e-05
-2.5691083021710595e-05
-2.8052116193240557e-05
-3.0142375971434036e-05
-2.852233967762241e-05
-2.914467093733525e-05
-3.222934978527707e-05
-3.1787688838033176e-05
-3.080897583498943e-05
-3.3595925394992385e-05
-3.488615852136664e-05
-3.327237326854437e-05
-3.470520720389933e-05
-3.7350817704135536e-05
-3.633514836470439e-05
-3.611775229761527e-05
-3.9075234352391186e-05
-3.9510810691723366e-05
-3.819928858819245e-05
-4.033436371636556e-05
-4.229588025724158e-05
-4.09562873562308e-05
-4.16135579281076e-05
-4.4419995466555943e-05
-4.4065664644205374e-05
-4.335220833697525e-05
-4.5956081219928994e-05
-4.706140124697243e-05
-4.573656918297874e-05
-4.725392834286496e-05
-4.956977604584495e-05
-4.863475676901126e-05
-4.874967897259023e-05
-5.147638517344951e-05
-5.1687857722011385e-05
-5.0755209525375766e-05
-5.295502522598659e-05
-5.449614330965691e-05
-5.332704702887443e-05
-5.4361852021258834e-05
-5.680403199925278e-05
-5.626477115880119e-05
-5.605866742716941e-05
-5.860055607029302e-05
-5.9223973892672845e-05
-5.825272380289865e-05
-6.0101268643203073e-05
-6.188027175440423e-05
-6.0921203621415974e-05
-6.163369888725553e-05
-6.406692088425751e-05
-6.384275912422804e-05
-6.348743253306675e-05
-6.583047133402326e-05
-6.670953779662394e-05
-6.579642077121986e-05
-6.739102152812215e-05
-6.926293375901721e-05
-6.849862896898384e-05
-6.903543873376227e-05
-7.13943092926347e-05
-7.137995332689474e-05
-7.099524119300743e-05
-7.317415531242922e-05
-7.417432143930723e-05
-7.336014159214064e-05
-7.480699337678118e-05
-7.667309561104965e-05
-7.605674686488213e-05
-7.653900893991603e-05
-7.880000277599988e-05
-7.889257220719884e-05
-7.856003429150137e-05
-8.062717591504663e-05
-8.164030296449638e-05
-8.093777094599856e-05
-8.233367604684673e-05
-8.41255749393483e-05
-8.360479861020112e-05
-8.412921045577591e-05
-8.628527733880705e-05
-8.639629821317017e-05
-8.617540809556859e-05
-8.817911813107553e-05
-8.911841514590464e-05
-8.853323894099808e-05
-8.995635916499883e-05
-9.161912647846597e-05
-9.115187779654664e-05
-9.179521532098802e-05
-9.383646128713937e-05
-9.389740869171709e-05
-9.383943048335217e-05
-9.581055398891414e-05
-9.660631582583332e-05
-9.615372521116876e-05
-9.766001144009611e-05
-9.914251252029506e-05
-9.871049028385053e-05
-9.953506985625402e-05
-0.0001014385230608181
-0.00010140791090611613
-0.00010156606377536561
-0.0001035099053406101
-0.00010410978926127744
-0.00010382448299279612
-0.00010544201820892381
-0.00010669171579422935
-0.00010630723117627944
-0.00010735682646322974
-0.00010907797565045481
-0.00010894532885827703
-0.00010937231922444847
-0.00011125916429694711
-0.00011163128879532842
-0.00011156794927177308
-0.00011328797549934547
-0.00011425457656926992
-0.00011396568555798554
-0.00011525760636489613
-0.00011673373200114085
-0.00011652985828837894
-0.0001172711191528091
-0.00011903623274722266
-0.00011918327296735524
-0.00011941181971824168
-0.00012118232273112948
-0.00012183282635233605
-0.00012172268450307694
-0.00012323394805137129
-0.00012439634016851177
-0.00012419931692806557
-0.000125273902789089
-0.00012682306017573427
-0.00012679618991320862
-0.00012738201852907725
-0.00012910339216606035
-0.00012944285091295925
-0.00012961521620729168
-0.00013126692401844932
-0.00013206438513657616
-0.00013199577428416303
-0.00013337079782747981
-0.00013460043527688324
-0.00013450975761496067
-0.00013548284253495622
-0.00013701821255672183
-0.00013711436874827261
-0.00013766422984736528
-0.00013931720321182293
-0.0001397512521957361
-0.0001399559891185054
-0.0001415257096653356
-0.00014236165684841737
-0.00014237185940068318
-0.00014369118943739637
-0.0001448997470351774
-0.00014489833353575763
-0.00014586756547117254
-0.00014734124229723528
-0.00014750071799445508
-0.00014810279216113508
-0.00014968623435922083
-0.00015013299889264425
-0.00015042932943285132
-0.00015195637072368132
-0.00015274879211384215
-0.00015285918486623005
-0.00015418790819082524
-0.00015531091628840277
-0.00015538384310986994
-0.00015642267804313794
-0.00015779778898683018
-0.00015797838567870699
-0.00015869922678757558
-0.00016020589850025333
-0.00016060832284264586
-0.00016104580057475586
-0.00016254839794348723
-0.00016323736120725475
-0.0001634762753096508
-0.0001648506740357824
-0.0001658343808104742
-0.00016598934465412041
-0.00016714428809335536
-0.00016837849829783947
-0.00016857058671752585
-0.00016946059944696415
-0.00017086159064800838
-0.0001711966491003713
-0.0001718253184007609
-0.00017328812672496674
-0.0001738403109097956
-0.00017425478070752
-0.0001756728589860149
-0.00017647551439216736
-0.0001767543477283171
-0.00017803708272088258
-0.00017908149792995797
-0.00017931890659097192
-0.0001804043726324801
-0.00018164540153898232
-0.00018193489846653644
-0.00018279651289857728
-0.00018416323526812366
-0.00018458343501281385
-0.00018523029307104767
-0.0001866392603368441
-0.00018724374900071217
-0.00018771559760508643
-0.00018908435211332163
-0.00018989658233006692
-0.00019025493129662375
-0.00019151364255429981
-0.00019252682962960698
-0.00019284412480975884
-0.0001939439630913465
-0.0001951252448274452
-0.0001954738579960729
-0.00019639131420594677
-0.00019768891120784275
-0.0001981315635172301
-0.00019886882454930974
-0.00020022081585996312
-0.00020080354948111466
-0.00020138544574604343
-0.0002027287100427716
-0.00020347699085120053
-0.0002039455198263498
-0.0002052237122072851
-0.00020614165236568672
-0.00020654905284996018
-0.00020771860433490034
-0.0002087908270765169
-0.0002091923036483624
-0.0002102260321393533
-0.0002114215636103028
-0.00021186858041971824
-0.00021275681235338587
-0.00021403423173813974
-0.00021456922177092602
-0.00021531891386741858
-0.00021663211293978255
-0.000217285033684637
-0.00021791723255371943
-0.0002192208935228976
-0.00022000759754117538
-0.0002205536583994774
-0.00022180776181926205
-0.0002227299264516493
-0.00022322701490505548
-0.0002244000559337497
-0.00022544658445178782
-0.00022593335274586344
-0.00022700439958091203
-0.00022815406782979576
-0.00022866696532687332
-0.00022962650336857162
-0.00023085127028806864
-0.0002314215547722918
-0.0002322709970096012
-0.0002335393180513993
-0.00023419086739161085
-0.00023494106776071963
-0.00023622102803303862
-0.0002369691830265561
-0.00023763835522636393
-0.00023890040054796763
-0.0002397517557616262
-0.00024036306609056114
-0.00024158212017868694
-0.00024253507056127427
-0.00024311415638529865
-0.00024427102811225846
-0.000245316931505658
-0.0002458896303878271
-0.00024697173227627176
-0.0002480964595915263
-0.00024868685757038826
-0.0002496882954288435
-0.0002508739723613879
-0.0002515028576795242
-0.0002524239366887938
-0.0002536506479441586
-0.000254334474151653
-0.00025518086512527234
-0.0002564282827768288
-0.0002571786410768673
-0.00025796030248804
-0.00025920911776828394
-0.00026003265629071404
-0.00026076261991615996
-0.0002619956401421575
-0.0002628943313314538
-0.0002635875287845402
-0.00026479050397575034
-0.000265762199468791
-0.0002664342978639005
-0.00026759633619132634
-0.0002686354528163321
-0.0002693018468371963
-0.0002704156144966509
-0.0002715139715843935
-0.0002721889657308832
-0.00027325057412278485
-0.00027439817961439326
-0.00027509435765489434
-0.00027610308585794725
-0.0002772889526989537
-0.0002780167743803611
-0.0002789746217528882
-0.00028018743484388355
-0.0002809549677273188
-0.00028186614052662015
-0.00028309486998228913
-0.00028390775402761033
-0.0002847781227928464
-0.00028601247207029896
-0.0002868739792049389
-0.00028771052330860006
-0.00028894130544796794
-0.00028985257849899
-0.00029066292565306864
-0.0002918823244822084
-0.0002928426652021144
-0.0002936346974936276
-0.0002948364514477336
-0.0002958437003106893
-0.00029662522335904004
-0.00029780465796416236
-0.00029885552870498626
-0.0002996339809523826
-0.00030078799381709324
-0.000301878438514572
-0.00030266069232614276
-0.0003037876451347618
-0.00030491314398334735
-0.000305705363362795
-0.0003068049400421354
-0.00030796077188766893
-0.0003087682819120118
-0.00030984122587535655
-0.0003110226140088826
-0.0003118497849404576
-0.00031289765280841206
-0.00031409989392034115
-0.000314950081883031
-0.00031597498032249344
-0.0003171935172209988
-0.0003180690634684829
-0.0003190734286120209
-0.00032030393196615234
-0.0003212062180080913
-0.0003221926588062461
-0.0003234311558213941
-0.000324360772077161
-0.0003253320281979713
-0.00032657504993249863
-0.0003275320355757409
-0.0003284910445291527
-0.00032973584883718506
-0.0003307200040531758
-0.0003316699707088702
-0.00033291467428692156
-0.0003339257565957085
-0.0003348701217257329
-0.00033611366706297763
-0.00033715137797646463
-0.0003380935561740796
-0.0003393353642211389
-0.0003403990527727674
-0.00034134197037872984
-0.0003425814583474689
-0.00034366979432827525
-0.0003446155289706099
-0.000345851859116448
-0.0003469628383337073
-0.00034791270013731284
-0.00034914499209530263
-0.0003502764091724039
-0.00035123150607485674
-0.00035245940633056236
-0.00035360947093590806
-0.00035457114788060493
-0.0003557950361276327
-0.00035696250288322524
-0.00035793228196464677
-0.00035915300401276004
-0.0003603368265287553
-0.0003613159754227496
-0.00036253438949352757
-0.00036373344754119007
-0.00036472290786588755
-0.00036593992867407256
-0.0003671532369877422
-0.0003681538610150292
-0.000369370574714993
-0.0003705973387994059
-0.00037160985704425865
-0.00037282738266382603
-0.0003740668312694445
-0.0003750916714232544
-0.00037631094239995444
-0.0003775621874390117
-0.0003785994963623186
-0.0003798213730547178
-0.00038108362301678914
-0.00038213349221737666
-0.0003833588618510596
-0.00038463142818848865
-0.0003856938477652034
-0.00038692355782881434
-0.00038820583080528934
-0.0003892807440442534
-0.00039051566044558876
-0.000391807165686871
-0.0003928945693611112
-0.0003941356568624237
-0.0003954361302353302
-0.00039653612552816757
-0.00039778441440742763
-0.0003990937257276109
-0.0004002064576776633
-0.0004014630178142194
-0.00040278116410869045
-0.00040390683515925
-0.0004051727464165866
-0.0004064997825228558
-0.00040763861183720947
-0.0004089149145812213
-0.0004102509024585169
-0.00041140306506575884
-0.0004126906630905634
-0.00041403557461129376
-0.00041520114909921
-0.0004165008128985304
-0.00041785454748038096
-0.0004190335420611173
-0.0004203459019930762
-0.00042170825899250476
-0.0004229006166557185
-0.00042422616396798105
-0.0004255968531224445
-0.0004268024754336009
-0.0004281416003979678
-0.00042952030356942835
-0.0004307391093246374
-0.00043209212972828846
-0.0004334784816341634
-0.0004347104003399743
-0.0004360776000681039
-0.00043747129578099067
-0.00043871642623825955
-0.0004400981682399971
-0.00044149901695062
-0.0004427576169278804
-0.00044415430852573967
-0.0004455622212857682
-0.00044683470512074035
-0.00044824680064876454
-0.00044966177507670515
-0.0004509486774301226
-0.00045237660377132807
-0.00045379864145730486
-0.0004551005638126493
-0.00045654470870758624
-0.00045797387487936684
-0.0004592915309082489
-0.0004607522279440335
-0.0004621885847645932
-0.00046352270236290835
-0.00046500019439149956
-0.00046644384675693137
-0.0004677952383713071
-0.00046928968882450125
-0.0004707407119467844
-0.0004721101323281636
-0.0004736214884304644
-0.00047507988137249213
-0.00047646800966452945
-0.00047799600995850067
-0.00047946172265616455
-0.00048086918048198903
-0.00048241344467042126
-0.0004838865565211766
-0.00048531414897873965
-0.00048687445462787396
-0.0004883554164909344
-0.0004898042474368518
-0.0004913805466455253
-0.0004928701589180405
-0.0004943415427550524
-0.0004959338626303688
-0.0004974331154031925
-0.0004989283083729305
-0.000500536505126525
-0.0005020463958383666
-0.0005035665011884336
-0.0005051902813676575
-0.0005067118760345279
-0.0005082578993690478
-0.0005098969502459131
-0.0005114315900686039
-0.0005130046618181837
-0.0005146589062163748
-0.0005162083296026865
-0.0005178096104123495
-0.0005194789904878466
-0.0005210449687663822
-0.000522675230212941
-0.0005243593242795525
-0.0005259432396147489
-0.0005276024574144395
-0.0005293002412892493
-0.0005309030492103165
-0.000532590640537555
-0.000534301039492713
-0.000535923911519692
-0.000537639414398371
-0.0005393619866041282
-0.0005410067715174022
-0.0005427500903412018
-0.0005444849940406042
-0.0005461537843547936
-0.0005479245385386837
-0.0005496718009528256
-0.000551366174471467
-0.0005531631576899262
-0.0005549224651456173
-0.0005566435746954135
-0.0005584653385300583
-0.0005602370137638159
-0.0005619866543906157
-0.0005638325781315754
-0.0005656182918768434
-0.0005673990495449867
-0.0005692690939621878
-0.0005710711689809675
-0.0005728853608063492
-0.0005747789582204682
-0.0005765992791842013
-0.000578448108843793
-0.0005803639331134836
-0.0005822041805919095
-0.0005840883234157626
-0.0005860251635581744
-0.0005878874830892507
-0.0005898074768686493
-0.000591764406673278
-0.0005936511533146719
-0.0005956070168322142
-0.0005975831224591476
-0.0005994965794831424
-0.0006014877391661995
-0.000603482261102813
-0.0006054247016407273
-0.0006074501830460126
-0.0006094628060686535
-0.0006114365720888745
-0.0006134950952501723
-0.0006155259169609458
-0.0006175331550565613
-0.0006196231666454076
-0.0006216729770716758
-0.0006237160359378827
-0.0006258363682538452
-0.0006279070954784722
-0.0006299885728881957
-0.0006321384388476914
-0.0006342329015343214
-0.0006363552830434157
-0.0006385341745695644
-0.0006406558247678586
-0.0006428211688368822
-0.0006450287441271164
-0.0006471813551188683
-0.0006493910951669262
-0.0006516272443540967
-0.0006538147459669661
-0.0006560695545453315
-0.0006583343057494019
-0.0006605603851244132
-0.0006628599846627524
-0.0006651535187238513
-0.0006674214056422952
-0.0006697645370989208
-0.0006720871073210954
-0.0006743992198011987
-0.0006767836775822544
-0.0006791356965668039
-0.0006814935973521031
-0.0006839165491702521
-0.0006862988061619424
-0.0006887034017798886
-0.0006911620629656348
-0.0006935762479111159
-0.0006960282058666512
-0.000698520455062894
-0.0007009693478537701
-0.0007034693058644622
-0.0007059942882872445
-0.0007084820901794475
-0.000711031142044177
-0.0007135898013710046
-0.0007161220094956185
-0.0007187216342214209
-0.0007213166245721222
-0.0007238995341451683
-0.0007265514339545129
-0.0007291868906187339
-0.0007318269587117639
-0.0007345327595337687
-0.0007372137336002984
-0.0007399165868659588
-0.0007426771602296715
-0.0007454085742765906
-0.0007481778658346608
-0.000750992712276021
-0.000753778317360007
-0.0007566146520770189
-0.0007594812153791592
-0.000762322626480626
-0.0007652232383837929
-0.0007681374051412952
-0.0007710345301302279
-0.000773994303073562
-0.0007769516923625687
-0.0007799036890780867
-0.0007829169331887175
-0.0007859150803110893
-0.0007889225084579271
-0.0007919859104323808
-0.0007950269503020159
-0.0007980939928419009
-0.0008012091456312972
-0.0008043015084573873
-0.0008074370508387175
-0.0008106113463057831
-0.0008137691224148851
-0.0008169850543502386
-0.0008202291157908296
-0.0008234676444173507
-0.000826773910598508
-0.0008300964338804258
-0.000833426371166754
-0.0008368257367212782
-0.000840228696969414
-0.0008436515380630395
-0.0008471372864010314
-0.0008506154013638403
-0.0008541248517126485
-0.0008576850634568411
-0.0008612314059762284
-0.0008648202261006412
-0.000868446133223701
-0.0008720599969726172
-0.0008757273436226817
-0.0008794196169235611
-0.0008831096694543136
-0.0008868619184201165
-0.0008906290629689579
-0.0008944086673556464
-0.0008982537909355253
-0.0009021056692359352
-0.0009059858555972941
-0.0009099282228155275
-0.0009138723043542158
-0.0009178600035332385
-0.0009219019009227913
-0.0009259461052320261
-0.0009300479377188642
-0.0009341939853792047
-0.0009383492162611679
-0.0009425727208064369
-0.000946829832979836
-0.000951107311686532
-0.0009554575403768981
-0.0009598309833413273
-0.0009642377809485897
-0.0009687151102949276
-0.0009732081912532258
-0.0009777485522687657
-0.0009823526158502694
-0.0009869706732061104
-0.0009916494938154634
-0.0009963824974751488
-0.0010011338278169634
-0.001005956203960988
-0.0010108218781837881
-0.0010157150791659925
-0.0010206845413683822
-0.0010256876925732392
-0.0010307316450887387
-0.0010358523726782805
-0.0010410016173148639
-0.0010462074356720253
-0.001051486496177813
-0.001056794573133584
-0.0010621742744838397
-0.0010676202517769257
-0.0010731012518589815
-0.0010786655644281719
-0.0010842880964503211
-0.0010899570139018691
-0.0010957163463885707
-0.0011015274305806054
-0.0011073998777548783
-0.001113364409761597
-0.0011193777632204967
-0.0011254683631161636
-0.0011316476313901055
-0.0011378776558444966
-0.001144199173441669
-0.0011506029681195187
-0.0011570652616995228
-0.0011636299019802104
-0.0011702701144335002
-0.0011769813752741075
-0.0011838006677386483
-0.001190690769728487
-0.0011976672290597615
-0.001204752256915559
-0.0012119079161414278
-0.0012191659628158302
-0.0012265295391775317
-0.0012339696532472839
-0.0012415264980023275
-0.0012491846540687466
-0.0012569315129512418
-0.0012648060827318056
-0.0012727794433079313
-0.0012808584162734326
-0.0012890715361689575
-0.001297384802558438
-0.0013058227362939706
-0.001314397178109934
-0.0013230787339726148
-0.0013319033070921724
-0.0013408643327890964
-0.001349945591263455
-0.001359185534879596
-0.0013685627685603918
-0.0013780792074676949
-0.0013877663105642717
-0.0013975951143464448
-0.0014075853382864707
-0.0014177539174316431
-0.0014280735271583168
-0.0014385764520368771
-0.0014492618546268197
-0.0014601127380624035
-0.0014711654679629657
-0.0014824035822543296
-0.001493826287517207
-0.001505464831187048
-0.001517294100762307
-0.0015293309507948415
-0.001541594515084838
-0.0015540610265720426
-0.001566761582919625
-0.0015797000697157391
-0.00159286310585382
-0.0016062877247952768
-0.0016199635053544405
-0.001633892695371536
-0.0016481081381075407
-0.001662590392410753
-0.0016773575611194955
-0.0016924298513003836
-0.00170778741959771
-0.0017234606249764296
-0.0017394544133884301
-0.0017557587865444316
-0.0017724102460586325
-0.0017894017372431558
-0.0018067402926806163
-0.0018244604179906178
-0.0018425496879090882
-0.0018610326909172781
-0.0018799336498734396
-0.0018992420567181532
-0.0019189937144457813
-0.001939197272326954
-0.0019598503318224683
-0.0019809903180315978
-0.00200261193252746
-0.002024726558293392
-0.0020473664786622415
-0.0020705222756386026
-0.0020942227799365725
-0.0021184925490158307
-0.0021433304444266558
-0.002168780469590386
-0.0021948590730467054
-0.002221580687595607
-0.0022489937190782734
-0.0022771054726404344
-0.002305944086784482
-0.002335548547408723
-0.002365920127517363
-0.0023970969322171637
-0.002429103939777367
-0.0024619485156656853
-0.0024956788309929293
-0.0025303141081781493
-0.002565883462235607
-0.0026024452752636492
-0.0026400241849601257
-0.0026786755133295565
-0.00271845887982028
-0.0027594064246088627
-0.0028015871185527712
-0.0028450480631457024
-0.002889827062069442
-0.002935992546491713
-0.002983578699218185
-0.003032636330119869
-0.0030832331644674426
-0.0031354090300451257
-0.0031892413590964147
-0.0032448055733106523
-0.003302166467364026
-0.0033614292145656014
-0.0034226777040579697
-0.003486004941409852
-0.0035515298490897697
-0.003619342263659877
-0.0036895594831586357
-0.003762304371928058
-0.0038376814743031045
-0.003915834475737377
-0.003996896120708851
-0.0040810036230472906
-0.004168330463311595
-0.004259030677245858
-0.004353285352879793
-0.004451296441340447
-0.004553252030720085
-0.004659383035616826
-0.0047699243478741184
-0.004885116682992339
-0.005005247279235186
-0.005130597510593556
-0.005261478932741478
-0.005398239983824851
-0.005541225757336739
-0.005690831503761368
-0.005847475796496249
-0.00601159377113295
-0.0061836848410561345
-0.00636426873406994
-0.0065539156685255895
-0.006753266463003674
-0.006962994265471286
-0.007183856985273279
-0.007416683312896237
-0.007662361892678788
-0.007921893145975606
-0.008196353813543052
-0.008486922316114151
-0.008794908104972656
-0.009121716387243375
-0.009468896664569182
-0.009838134531892317
-0.010231230113215894
-0.01065013500817365
-0.011096896441090503
-0.01157363432147887
-0.012082508841985945
-0.012625590608173
-0.013204767169726439
-0.01382154893519259
-0.014476785364896454
-0.015170353721145731
-0.015900655171112082
-0.016664008501229066
-0.017453891597791912
-0.018259918262109247
-0.019066662567177022
-0.01985219989448711
-0.020586372567718565
-0.02122887215628985
-0.021727036747365418
-0.0220135360365579
-0.022004041920132392
-0.0215949686974823
-0.02066164620233772
-0.019057129298656557
-0.016612035526920803
-0.013135941077912243
-0.00842071141377495
-0.002246394332513631
0.00560982366530806
0.015361241962869122
0.027195451066140776
0.041254389550250146
0.057610974437133866
0.07624303047138362
0.09700600166967693
0.11960634544745323
0.14357826522711192
0.1682670859518293
0.19282283088997842
0.2162079440830023
0.23722278560196414
0.2545517699463936
0.26683189721555495
0.2727432917285007
0.2711189444107034
0.26106789365871336
0.24210268337351198
0.21425904409434604
0.178193138438874
0.1352403355628805
0.08741997618171304
0.037372889687563304
-0.011776513921660276
-0.05663434702578418
-0.09381899437903397
-0.12029105095780948
-0.13370139520038218
-0.13271825829404293
-0.11728837978428619
-0.08878711367967485
-0.050018420136049874
-0.005039152500614406
0.041197520300486075
0.08335944414572634
0.11636575581516825
0.13605681460630797
0.13981194543176473
0.12701586819739977
0.09928294376621727
0.06037334858177648
0.01577601572369104
-0.02801441643838181
-0.06444337933266425
-0.08793126533137598
-0.0948300196670634
-0.08412644017190882
-0.057741344879420724
-0.020330749845926165
0.021421339289738453
0.05993197490428426
0.0880907364304376
0.10062615807010866
0.09519440799674514
0.07294671653350573
0.03841746791273978
-0.0012952805193680666
-0.03793384347237488
-0.06380577697186639
-0.07347015184758054
-0.0650030114935834
-0.040524755000170665
-0.00581969354108706
0.03091879702947667
0.06096909733479385
0.07716639190220684
0.07568754520879156
0.0570705184864652
0.02616694413697402
-0.009016086238578969
-0.03933795519686453
-0.05691478747457217
-0.0572504876158859
-0.040512709400136626
-0.01156004565516245
0.021343348965603772
0.04881688628304733
0.06303812683564922
0.06003631432219322
0.04090978892172322
0.011559264848565207
-0.01903931133391054
-0.04154617136841596
-0.04914562336571074
-0.039706987075866715
-0.016504408014164154
0.012785748448822163
0.038540296005905444
0.05233456246018815
0.04975030914133651
0.03188866028316251
0.005032993062478248
-0.021476486800281067
-0.038467502920492336
-0.04015527960286204
-0.02621138153606972
-0.0019074730818198146
0.023768516195440802
0.041384515696391524
0.04454714715608886
0.032297517805002035
0.009489167404689186
-0.01504260515206204
-0.0318650358583252
-0.034604699537624316
-0.022448081788730652
-0.000471671247196492
0.02237477567850074
0.03686563735875183
0.03724496990411311
0.023585997364557562
0.001762046788522797
-0.019002169194033518
-0.030010337932980462
-0.026782225169607637
-0.010966526087583667
0.010376276552087685
0.027850738342814756
0.03384899069284729
0.02591035366453324
0.007808027604064655
-0.012158498477963919
-0.024930710569859342
-0.024825541643897824
-0.01213910409329063
0.007007686041694962
0.023544284218175275
0.029726267119263964
0.022800467809700114
0.006301203244793855
-0.011673062094457405
-0.022400358126027246
-0.020792852003178375
-0.007881137042542945
0.00972295375434927
0.023146716755709815
0.025719388605471058
0.01633159023366517
-2.8531922289980307e-05
-0.014861734670961224
-0.020558618352495436
-0.014344229816746101
0.0002993874482014567
0.015500513893278167
0.023190342985724286
0.019402690771050068
0.006375116653018485
-0.008697463381808735
-0.01760117129885303
-0.015597491140580384
-0.004005035828161745
0.01057095342480485
0.019950979171226516
0.018971841269729714
0.008373245942001104
-0.00566412514254108
-0.015081427362193891
-0.014575921946400835
-0.0046379850374694085
0.008777795891149697
0.017768650034740287
0.017135235170754968
0.007427606627242652
-0.005427599272243667
-0.01370706738114831
-0.012539086622428296
-0.002818464957349838
0.009384962240324661
0.016572048621755795
0.014424442695388956
0.0044386189074310835
-0.007052660352520746
-0.012868240270227132
-0.009483029272626578
0.0007862126437597461
0.011300114759632624
0.015358940537042027
0.010485685073424561
-2.2169963245376946e-05
-0.009276368249112255
-0.01130196027312777
-0.004925029104675165
0.005504421199299007
0.013031078536821564
0.012722771618471618
0.004930285763400383
-0.00499961905080926
-0.010363958067068146
-0.007638797917708768
0.0011646775048490935
0.009926198675925573
0.012645528007893682
0.00756498870974154
-0.0016611350639564328
-0.008557839139173486
-0.008370516011357626
-0.001374459023679954
0.00737223347507917
0.011651767912072637
0.008509474562866192
0.00032353719891028293
-0.006954734540862723
-0.008117057869988696
-0.0024493451340972198
0.005800226153358928
0.010568952287870872
0.008432330089695541
0.0010888379958640183
-0.005949919726074299
-0.007482971056056824
-0.002483202904371349
0.005183367133018962
0.009711549392677354
0.007748710610412884
0.0009002437277972931
-0.005545966944667477
-0.006690924276203052
-0.0017672572259573908
0.005319825540204484
0.009058275532101688
0.006614595454917692
3.9306685626990965e-06
-0.005539460123135472
-0.0056994864569284015
-0.0004602011865912667
0.005933180523943165
0.008388324557168097
0.005025099461827569
-0.001362713358722922
-0.0056023672561327925
-0.004330627951299598
0.0013138628735651695
0.006668148000283286
0.007379530070090184
0.002953672562278144
-0.002888232171377348
-0.005320379216059903
-0.002406969417015889
0.0033312205558717126
0.007066830421398167
0.005719690722229731
0.0005120690854260108
-0.004111774170615824
-0.004270863435939817
7.82543150718388e-05
0.005153318922543134
0.006614993893028924
0.003280866488194821
-0.0019013478123437958
-0.004441929287493054
-0.002203451253103267
0.0027787281267513085
0.006118477881906385
0.004932440888085976
0.00034219451516823043
-0.0035617725430287716
-0.0033594742444346707
0.0006868736976205826
0.0049132186297392785
0.005555105689475115
0.0021059835324459433
-0.0022723647692383473
-0.0036356354721106257
-0.0008184208401346484
0.003549896328365722
0.0054775007045702005
0.0032560720390143365
-0.0010120831129258444
-0.003387181665861683
-0.0017304275324558547
0.002352014537172947
0.0050414129915128045
0.0038712664288121654
-4.96707964403576e-07
-0.0029185846250378384
-0.00217853280185482
0.0014521142560782881
0.004501877629559248
0.004103825858275963
0.000697570189363844
-0.00243227278490546
-0.0023178851980387256
0.0008658068876446184
0.0040111402106678285
0.004098404524187861
0.001099401765575052
-0.002036163688442077
-0.0022750270070251615
0.0005556619417151334
0.003639337502421184
0.003959047515888761
0.001252009072106579
-0.0017704237427850428
-0.0021312973496085876
0.00047124349445352423
0.003402226212090972
0.0037443757767268793
0.00120395371076692
-0.0016325583551698485
-0.0019252545799032677
0.000567654342906999
0.0032827823028404473
0.003475097175284143
0.0009955235662276562
-0.0015941057098230837
-0.0016624692805703722
0.00080897145368209
0.0032435265278273444
0.0031449778610804537
0.0006600952479034288
-0.001609511533546115
-0.001327553791957848
0.001162607627215411
0.00323188855516862
0.0027326496616550773
0.0002317986739254078
-0.0016201902325190935
-0.0008969508371365575
0.0015896359558088833
0.003183411741804731
0.002215241889199303
-0.000243738724114622
-0.0015577771786809023
-0.0003530810401486784
0.0020347671617060854
0.0030272671972000386
0.0015843448262995207
-0.0007000126854929303
-0.001351968921564695
0.0002988236585593566
0.002419431796199843
0.0026976820337155753
0.0008632423823227005
-0.0010468440449222256
-0.0009466838333707502
0.001013434378319905
0.0026439702476363483
0.0021543973126851687
0.00012216427839384575
-0.0011795268873523394
-0.0003246438916215786
0.001694179847605377
0.0026052129025941496
0.0014103781866580286
-0.0005170202187478941
-0.001005446109087013
0.0004642137841057057
0.0021980092154561866
0.002232090595593881
0.000557408742976858
-0.0008981906502597439
-0.0004877183644159167
0.0012840529470519897
0.002367544997555114
0.0015342502618270523
-0.00022731426481447674
-0.0008789134277398458
0.0003063019575108373
0.0019243668679982371
0.0020942563582997615
0.0006438661179339049
-0.0007149321642801888
-0.0004052210637949395
0.0011783725468365955
0.002159341812327716
0.0013979351318792934
-0.00018221734438673927
-0.0007100702257878815
0.0004144644087620164
0.0018304314418065425
0.0018546181848208979
0.000481959424931206
-0.0006328494599503599
-0.00016952608816021505
0.001287550029938887
0.001975668587438999
0.0010825035903156244
-0.00029266472390260414
-0.0004889981915742836
0.0007060567964250595
0.0018212014103084102
0.0015062152901407755
0.00016731481631981129
-0.0005520021990217062
0.0002103068066726751
0.0014947754289425202
0.001719654060509717
0.000626948128623864
-0.0004203841461079937
-0.00013770780124407103
0.001100066329700763
0.0017454626876470237
0.0010091360547983493
-0.00017327209567706976
-0.0003278306836870162
0.0007166476671318577
0.0016343754697347415
0.0012797349103958714
0.00011763261315613904
-0.0003827403929481493
0.0003926631347428287
0.001442843003229873
0.0014370226868087223
0.0003998352013651866
-0.00033972873804325696
0.00014817996896766171
0.001219456122805013
0.0014985124699781797
0.000642127465916207
-0.0002374982579242901
-1.676553768672676e-05
0.0009993055698782121
0.0014896523190538822
0.0008311591431081831
-0.00010874416755399002
-0.0001136589773898135
0.0008037179120260175
0.0014361161011978312
0.000965988529097001
2.2637086035195238e-05
-0.00015865590917950794
0.0006428096350789512
0.0013596298944406945
0.00105279256600434
0.00014138344036347298
-0.00016803612237290515
0.0005189253593527208
0.0012764547298534218
0.0011007528383144632
0.00023925569865226794
-0.00015573013989873233
0.00042982749144874696
0.0011974849365867677
0.0011193190992462914
0.0003130070555631422
-0.00013235720268297256
0.00037115116394509037
0.0011291286657976016
0.0011166778543438526
0.0003625445286208921
-0.00010516746104465144
0.0003380512616702403
0.0010744064315159401
0.001099088929537819
0.00038952262988545554
-7.843689356682696e-05
0.0003261455451282958
0.0010339447342596923
0.0010707627363925934
0.00039640217420034915
-5.4026782798193224e-05
0.0003319151353961306
0.0010067242682718133
0.0010340410767210153
0.00038593366235937295
-3.191931521150072e-05
0.00035275394134071884
0.00099058745004768
0.0009897491658938259
0.00036098568474327887
-1.0664522927665218e-05
0.0003867815735255106
0.0009825218682856685
0.0009376085805028299
0.0003245907341414047
1.2233585290633616e-05
0.0004324917232553199
0.0009787865666212115
0.0008766883590062848
0.0002801288996924481
3.9965749893035784e-05
0.000488316846790999
0.0009749942556416744
0.0008059240307098834
0.00023158408455047248
7.604828538792835e-05
0.0005521512581864029
0.0009662257163240158
0.0007246896628000715
0.00018375426805201218
0.0001238415983683613
0.0006208559165713037
0.0009472444700085202
0.0006334047856818782
0.00014232309730219275
0.00018593664046279352
0.0006898628288857719
0.0009129406214299486
0.0005341756292270802
0.00011371648344820446
0.0002634213030850295
0.0007529919949071609
0.0008590436700698385
0.0004313431226778178
0.00010459876055281259
0.0003550422426949022
0.0008025852271819969
0.0007830786082651088
0.0003317726038691444
0.00012095177849472236
0.00045644216079955894
0.0008301517712980739
0.0006855172450435923
0.000244707741461512
0.00016675854431757726
0.0005597101425137609
0.0008276146393529538
0.0005708766384137625
0.00018093033965927091
0.00024239607435234088
0.0006535311253708966
0.0007891318143605291
0.0004484077991448246
0.00015108593767294344
0.00034309020288770034
0.0007242908945772287
0.0007133078452785397
0.0003319318523583466
0.0001632012310197851
0.0004579414147710169
0.0007583267947741034
0.0006052910757987592
0.00023835244589474934
0.0002197123185268923
0.0005701712008141045
0.000745261312625865
0.0004780224612987538
0.00018460895510251504
0.00031473606875487324
0.000659194950169301
0.0006818890340854087
0.00035173365426005186
0.00018324837205328402
0.0004326409002370496
0.0007047679399488514
0.0005755472313486763
0.0002509568978751075
0.00023748470183869528
0.0005491200445734065
0.0006927837856726925
0.00044548186535876204
0.00019888027255097205
0.00033730344315766655
0.0006355911273052868
0.00062133939395788
0.0003207018113792245
0.00020992510477093078
0.0004586270338961455
0.0006668048074034787
0.0005048200606640688
0.00023353461881126707
0.00028269066901345525
0.0005672853420533217
0.0006300256584937571
0.000373422899407723
0.0002096133505483245
0.0003963699973192419
0.0006282394746051803
0.000532582597280242
0.0002663621244689846
0.0002571019654217608
0.0005136781550670687
0.0006182137576384681
0.00040375825550296464
0.0002191837899415312
0.0003597051844821961
0.0005915937528401288
0.0005373048687660389
0.00028790306947109494
0.00024880850298182914
0.00047822876207706923
0.000597808821226372
0.0004136045727483499
0.00022879240901934814
0.00034274813716254297
0.0005630668502581361
0.000526788370756765
0.00029598992207303086
0.0002500091768562224
0.0004594766479205848
0.0005750075271954667
0.00040695893799813144
0.00023481192940295772
0.0003403880611295507
0.000543497166080992
0.0005059105787233389
0.00029222158302329843
0.000257165961499366
0.0004542126955681409
0.0005513587973161392
0.00038757131983817913
0.0002377609586989714
0.00034927506719068457
0.0005305215014072559
0.00047669899065218204
0.00028003578235214627
0.00026993016555121405
0.00045861097382276323
0.0005252903635550705
0.00035871602100460975
0.0002408031407408924
0.00036729733944863147
0.0005198187626663762
0.00043959094326657597
0.0002642252167124534
0.00028972560417546336
0.00046812017578104926
0.0004936055578404208
0.0003240664787685047
0.0002486201075006869
0.0003921969614816964
0.0005057070327033064
0.00039509107407482286
0.0002509011388548215
0.00031793587749420326
0.0004767737255799197
0.00045305321621691083
0.0002888657366387792
0.00026610029250388696
0.0004198986079696743
0.0004819581643231031
0.00034571365523866204
0.00024719232604350754
0.00035381942186458754
0.0004769593836548673
0.0004024377998484603
0.00026070240202438234
0.0002963468956736026
0.00044324101099752237
0.00044358810404390367
0.00029771216376762825
0.00025974747688747336
0.00039236852855152105
0.0004605507930317389
0.00034513142747554047
0.00024884000553293626
0.0003378818493253084
0.0004521499147831841
0.00038991486639474923
0.00026153246993975126
0.0002915531899467354
0.00042320100406286333
0.00042214001844695695
0.00029092719007230107
0.00026108113488141184
0.0003819992046225954
0.00043650402232268634
0.00032799589473891336
0.0002493681380313778
0.0003376869744070952
0.0004323530644409791
0.0003640049469427944
0.00025507312154678325
0.0002981616601065713
0.0004126851076703088
0.000392202078392048
0.0002739178205698753
0.0002688306073335969
0.0003826665490139923
0.00040861744245372276
0.00030022517676247737
0.000252223471582178
0.00034813858352518976
0.00041208894477207255
0.00032829333011863545
0.0002482711385556153
0.00031442156418089433
0.0004037478930287048
0.0003533770192379621
0.00025498432583316447
0.00028556130442807464
0.0003862386928084993
0.00037221038877200806
0.00026927344295749837
0.0002640213259903579
0.0003629082976365877
0.00038312261916211357
0.0002877107030112415
0.00025072997636979826
0.00033711979573276016
0.00038585725022658715
0.0003071182083122419
0.0002453591078427211
0.0003117706443456186
0.00038122516847969223
0.00032493997636423946
0.0002467114145651336
0.00028902880218547146
0.0003707035809522195
0.00033940697935525097
0.0002531149992924966
0.00027025481763959746
0.000356063349452985
0.00034954103950952627
0.00026276414912542714
0.0002560612190107498
0.00033907176496912085
0.000355049670876304
0.00027397184475032256
0.00024645355567861726
0.00032128924484978085
0.00035616365068172904
0.00028532590774565524
0.00024100342332402953
0.0003039567756999409
0.0003534616441756232
0.00029576243064688055
0.00023902007765796963
0.00028795801797529
0.00034770872481547843
0.0003045734109327681
0.0002396971083812138
0.00027383530917032784
0.00033972630550768625
0.00031137226761973114
0.00024222503105136964
0.0002618383518401625
0.0003302973138657173
0.0003160344894694029
0.00024586696937382017
0.0002519882820567811
0.0003201063844023946
0.0003186294543201923
0.00025000101504326624
0.000244143949492414
0.00030971040475330025
0.0003193561329806174
0.00025413765632615617
0.00023806251876585497
0.0002995313069589005
0.0003184876323840159
0.00025791914277883705
0.0002334502623053394
0.00028986446449114447
0.000316327137905821
0.0002611064782938163
0.00023000078675831096
0.0002808954588877932
0.00031317522810270053
0.00026355935669953126
0.00022742134834289468
0.0002727212653812056
0.0003093091587800782
0.0002652151989890061
0.00022544993124034088
0.0002653723471431372
0.0003049712035133978
0.0002660689630823004
0.00022386434274384963
0.00025883269447753295
0.0003003630223582292
0.0002661540062032352
0.00022248421725773698
0.0002530561612517578
0.00029564470587320675
0.00026552626984193155
0.00022116900865929833
0.00024797928236717343
0.0002909370968466748
0.0002642529873185446
0.00021981536615906937
0.00024353225287146473
0.00028632645505544726
0.00026240433177377126
0.00021835284333246137
0.00023964632429308115
0.00028186920645851025
0.00026004699188521177
0.0002167380883075471
0.00023625745880896708
0.0002775959188746999
0.00025724024834773403
0.0002149503265169001
0.00023330943479255202
0.0002735163676097406
0.00025403495161126005
0.00021298803065179024
0.00023075553498357678
0.00026962399900806397
0.0002504736957219348
0.00021086547595217694
0.0002285575800339563
0.00026589791959904054
0.00024659076819010623
0.00020860958362555165
0.00022668455763856824
0.0002623052208223823
0.00024241373492129388
0.0002062579814810844
0.00022511106446508307
0.0002588034331178174
0.00023796612824714234
0.00020385742216205943
0.00022381451706221522
0.00025534147532964204
0.0002332695306529862
0.00020146175706509833
0.00022277192188144095
0.0002518610158756369
0.00022834680192050161
0.0001991308221622898
0.0002219570126850614
0.00024829828205705966
0.00022322553561992685
0.00019692902897444175
0.00022133729651447308
0.00024458609957440046
0.00021794114045169436
0.00019492272274461257
0.00022087057745423598
0.00024065659639818735
0.00021254049655760482
0.00019317792532501442
0.00022050249872139797
0.00023644482777544643
0.00020708468207353693
0.0001917564247164088
0.0002201639871611316
0.0002318927778721659
0.00020165058673007668
0.0001907106439012075
0.00021976965718017625
0.00022695459833301304
0.00019633170696345772
0.00019007785040797882
0.0002192175904429215
0.00022160260561477523
0.00019123719529981508
0.000189873516519358
0.00021839078899340257
0.00021583350020630955
0.00018648868300320213
0.00019008464411018693
0.00021716179987897708
0.0002096756576658159
0.00018221529903308638
0.00019066361986527823
0.00021539971784380828
0.00020319525451299259
0.00017854554325021782
0.00019152321344300066
0.00021298017368849055
0.00019650070283400286
0.00017559636187300495
0.00019253396278821444
0.0002097982408355779
0.00018974417738752485
0.0001734593151329402
0.0001935243260438313
0.00020578241242048237
0.0001831180222535986
0.00017218453580609223
0.00019428554279188966
0.00020090967027836947
0.00017684579004500936
0.0001717646564737929
0.00019458282848157046
0.00019522058750714348
0.00017116780578509334
0.0001721211659140283
0.00019417346028238118
0.00018883163530155158
0.0001663206858109296
0.0001730958353672586
0.00019283191487141883
0.00018194220816781896
0.000162511088180037
0.0001744488831780602
0.0001903788969342974
0.00017483182449333457
0.00015988486908615168
0.00017586675717025163
0.00018671220971404464
0.00016784536133539185
0.00015849520478757896
0.00017698176992422734
0.00018183581728655883
0.00016136576553680247
0.00015827564590090463
0.00017740556423089708
0.00017588244652704443
0.00015577464554384344
0.00015902388117828637
0.00017677508995029689
0.00016912364124353286
0.0001514027030710015
0.0001604012230544895
0.00017480588974216232
0.00016196032371577733
0.00014847443491541434
0.00016195241862329698
0.00017134623811181082
0.0001548906520523511
0.00014705632649740627
0.00016314926087110534
0.00016642321401434971
0.00014845470258305837
0.00014701931320711993
0.0001634573210343844
0.00016026997393262887
0.00014315930283273492
0.0001480258694472299
0.0001624186750944711
0.00015332289885259252
0.00013939122506401527
0.0001495505452720553
0.00015973851275047466
0.0001461809545495659
0.0001373334087814307
0.00015093973270991358
0.00015536032197430302
0.0001395265106113174
0.00013690290016533046
0.00015150885780951435
0.00014951088936296256
0.0001340139808840363
0.00013772834121303715
0.00015066459335239847
0.0001426968197677862
0.00013014192035902072
0.0001391817273004583
0.00014803144444810318
0.00013564205396657844
0.00012813392671739716
0.00014047096994481128
0.0001435556316172833
0.00012916756087759515
0.00012785841525571437
0.00014078520183592258
0.00013755557368413745
0.00012402773910924004
0.00012881470357646065
0.00013946912187369725
0.00013069454557341174
0.00012073436835794327
0.0001302035454854016
0.0001361894053743915
0.00012386646695053362
0.00011941128775358727
0.00013108251845052538
0.00013104821941335894
0.00011800601642233803
0.00011972373246719537
0.00013058166547389263
0.00012460226894216685
0.00011385904129429178
0.00012091658534899821
0.00012813198873463938
0.0001177637598027447
0.00011177042781839136
0.00012197261507906551
0.00012364483046180914
0.00011158928896740214
0.00011155380340625094
0.00012186629578785687
0.00011757955186829827
0.00010699836204600827
0.00011249697525463477
0.00011985406532822218
0.00011085890455768757
0.00010449555433199504
0.00011352574555941277
0.00011571729863580531
0.00010463272705612094
0.0001039852375258857
0.00011350058593028942
0.00010987093125887012
9.994049393073287e-05
0.00010475464799163765
0.00011157021715230402
0.000103279966620351
9.736996288806175e-05
0.00010565844331083575
0.0001074704351484916
9.718166595617042e-05
9.68292837121936e-05
0.00010547148949409564
