-0.00019450836730451745
0.0019076439604341572
0.0028231543703824548
0.0015994819063274816
-0.000445315827262423
-0.0011386821128272348
0.0002351872953847106
0.0021892453168644464
0.002636018095267054
0.0011167159508769027
-0.0007244691501307183
-0.0009174493717529824
0.0007214352441285935
0.002409629377518032
0.002331478282097936
0.0005914748884580578
-0.0009163255522832586
-0.0005694198452010223
0.0012316801280826298
0.002516553525653247
0.001896493032071486
6.715829267789873e-05
-0.000967814772842965
-9.257977497148387e-05
0.0017114914016547736
0.0024587555295592137
0.001342590747126907
-0.00039145046493566094
-0.0008329123910458024
0.0004856028496391322
0.002087276402565251
0.002199382446487761
0.0007149663533547903
-0.0007046855931253052
-0.0004883867135886842
0.001101178053191148
0.0022771824456634753
0.0017333359381008473
9.604968631722675e-05
-0.0007937324078897098
4.830104213774636e-05
0.0016549184567949933
0.0022116434201914586
0.001104206211742554
-0.0004017853613322946
-0.0006054225904026217
0.0007050461876121198
0.0020269311621590636
0.00186137683278153
0.00041305544293072493
-0.0006588379365339678
-0.0001415865804803172
0.0013538459282031454
0.0021072600221886508
0.0012654094802316165
-0.00019023811593859262
-0.0005858658075706354
0.0005174840826383319
0.0018312221150670856
0.0018388656092104888
0.0005462260024165009
-0.0005401875120678984
-0.00016898972170082197
0.0012101497398348438
0.0019840239314373813
0.0012599686796385817
-0.0001032291576067389
-0.0005122920238606276
0.0004959850284378213
0.0017249312296152399
0.0017330347029135761
0.0005242665327507749
-0.00047056471468876144
-8.782034484209863e-05
0.0012034981922729553
0.0018697907518424543
0.0011313563379946228
-0.00012408776602443024
-0.0004073208105768043
0.0006031049251755613
0.0016912434624190764
0.0015623377923269584
0.00038299857545364595
-0.00043119934311281697
8.423578521567915e-05
0.0012955685964489813
0.0017441953445846738
0.0009007296917953808
-0.00020935722741266538
-0.00025178737536314525
0.0008094247174639864
0.0016813809402762801
0.0013137082099306523
0.00016379819297117088
-0.0003705682776936907
0.00034801761377877623
0.0014314100047975512
0.0015586650850520118
0.000585309100272818
-0.00029248149974827145
-8.130039768533374e-06
0.001075385482660431
0.0016227931436498518
0.0009694435735095618
-7.128760216535963e-05
-0.0002199973255451583
0.0006932382405809385
0.0015306345290522964
0.0012603317328901435
0.0002275850638374221
-0.00028503537274236594
0.00034794607380691134
0.001327326867218367
0.0014333980890889138
0.000543585595990929
-0.00022593974597093832
7.893426349940287e-05
0.0010635100129059935
0.001489761715310572
0.0008305053896742323
-7.824050478047071e-05
-9.731234653548608e-05
0.0007845198756816847
0.0014476512608990887
0.0010596921510812604
0.00012000729471951072
-0.0001823438698119569
0.0005245500937208654
0.0013337013891377269
0.0012188952527161234
0.00033514042757386286
-0.00018940263724597298
0.0003050776123133189
0.0011759186226000693
0.0013086256034710933
0.0005415133838992652
-0.00013752107027737923
0.00013606111344926456
0.0009991023345989952
0.0013376528950812235
0.0007224537701926541
-4.6871210609080935e-05
1.848537043462259e-05
0.0008225874379366328
0.0013189187892037445
0.0008693817477867442
6.43689791263234e-05
-5.268106467937444e-05
0.0006596515264241888
0.0012664646850126058
0.000980014081689933
0.00018161220640674938
-8.571646174415203e-05
0.0005179799796355307
0.0011933775800720987
0.0010564094001008452
0.00029425330721960475
-8.998748867527432e-05
0.0004007701033813104
0.001110602568200121
0.0011032183554790347
0.0003953945520061425
-7.453846731319646e-05
0.0003080666385342477
0.0010265155223432776
0.0011262331291062508
0.00048125511578311474
-4.729564386940586e-05
0.00023793848214811813
0.0009470397821890785
0.0011313145570722343
0.0005504003971383989
-1.4670948231048416e-05
0.00018738479676151573
0.0008760127537909218
0.0011237673800181319
0.000602943487875927
1.8537451332554557e-05
0.00015305003951214665
0.0008155995608079439
0.0011080575629507823
0.0006398942141861456
4.899141916644848e-05
0.000131752195588845
0.0007667069210581076
0.0010876798970735676
0.0006627086582895077
7.45446658167604e-05
0.000120775314210854
0.0007294026266961115
0.0010651273272041222
0.0006729796052310222
9.4022420788222e-05
0.00011797239132971
0.0007032607946714136
0.0010419755736947867
0.0006721947077984475
0.0001070454047946345
0.00012178348717760065
0.0006875529298967888
0.0010190316562467983
0.000661595211236321
0.00011384982950817185
0.00013124073031275403
0.0006813430827498721
0.0009964635444144124
0.0006421714863054451
0.00011512571107934796
0.00014592167121065642
0.0006835544577651516
0.0009738737395877826
0.000614721812482337
0.0001119260953870954
0.0001658230526254995
0.0006930026163533796
0.0009503802933167656
0.0005799170600889678
0.0001056547143937018
0.00019121843301718715
0.0007083595617405711
0.0009247410850534558
0.0005383819309207282
9.805381893833389e-05
0.00022253487714912886
0.0007280570256401747
0.0008954799045140403
0.0004908341296049474
9.115800328571484e-05
0.00026022540175149296
0.0007502062032145014
0.0008609977523124908
0.00043826970987159404
8.723974419014204e-05
0.0003045855193411096
0.0007725591960203683
0.00081970161567144
0.000382125001528005
8.875097162868188e-05
0.00035552390101024206
0.000792494006538125
0.0007702057079844852
0.0003243932449273402
9.821686278618878e-05
0.00041234245491364517
0.0008070223392721635
0.0007115939703996967
0.0002677060639565921
0.00011802534393023272
0.0004735479708633432
0.0008128748517258607
0.000643700512856752
0.00021537549401699297
0.00015012281638077075
0.0005366942435960847
0.0008067215276179023
0.0005673797120338221
0.00017132766108734197
0.00019565076771982295
0.0005982729529612563
0.0007855273939287853
0.0004847601721357062
0.00013986662380279847
0.0002545591567451452
0.0006537392560020975
0.0007470165450208121
0.00039944452013758653
0.0001252522467357596
0.000325214921549325
0.0006977507581438904
0.0006902094756330528
0.0003165544762260301
0.00013111399348211166
0.0004040692232849324
0.0007246561722292624
0.0006159958988323161
0.00024251256522091853
0.00015973172707457305
0.00048550647782698287
0.000729223294953518
0.0005276494761043563
0.00018449465268595585
0.00021124072369632196
0.0005620213298908974
0.0007075791081122391
0.0004311285612683489
0.0001495433286247093
0.00028288511082498555
0.0006248213595265464
0.0006582778605166493
0.000334969188948717
0.00014337071009698239
0.000368526473977426
0.0006648942594670301
0.0005833296910615838
0.000249623114534271
0.0001689610375824012
0.0004586594285567822
0.000674509297093243
0.0004889212357234059
0.00018617379360089982
0.00022520276373336667
0.0005411452206377809
0.0006490064029283172
0.0003855009392243942
0.00015446699033640275
0.0003059024078819351
0.0006027640067558905
0.0005885605469641792
0.0002869408844675587
0.0001608564603228467
0.00039960608105033685
0.0006315353972336737
0.0004994592214177921
0.00020863865477937192
0.0002059856320416522
0.0004906030759909705
0.0006195235910678075
0.000394342263440043
0.0001646426091564963
0.00028321515414038727
0.0005612815884368568
0.0005655590422716994
0.0002909320782874587
0.0001642029400815224
0.00037839430357068746
0.0005956857426368744
0.00047707648155813505
0.00020906956502852016
0.00020851867708544195
0.0004715489617283901
0.0005836967181303298
0.00037019862003750546
0.00016632337977239204
0.000288716650590158
0.0005406476319300137
0.0005248009211891859
0.00026741049907737084
0.0001730062632426311
0.0003861231354966697
0.0005669838387913249
0.00043012700551081553
0.00019275498746365745
0.0002279810820691383
0.00047552103460472774
0.000540981614300754
0.00032150809632254984
0.000165318603224679
0.0003168925301016048
0.000531258723243078
0.00046661419741386256
0.0002269299831427398
0.0001926846762351247
0.00041419870485863864
0.0005349759337851625
0.00036247425937229285
0.0001728686137485063
0.0002666602215979231
0.0004894316246593275
0.00048265071952112003
0.0002581080674760694
0.00017540616164718264
0.0003635054183253906
0.0005165824303809481
0.00038814102077649386
0.00018563968711121236
0.0002331597394204342
0.000449847363832138
0.0004838568908803662
0.0002808851890919164
0.00016868118839181122
0.00032530449804003716
0.0004934601539545122
0.0003999805435693396
0.00019713757574996052
0.00021233481979665656
0.00041682350963328173
0.00047570972450592937
0.00029354183628074954
0.00016677328834793033
0.0002988027430247831
0.00047055496302955474
0.0004007212910056041
0.00020394629884333668
0.00020033803390013226
0.0003918924912289514
0.000462329072387012
0.0002963840491762885
0.0001660717348518256
0.00028228149372993444
0.0004504276987798955
0.0003929393413521333
0.00020486007468980324
0.00019437339717958834
0.00037496422393918033
0.00044618348164091764
0.0002905150655505837
0.0001648675364702434
0.000274038858945094
0.00043381022103198283
0.00037847345274430715
0.0002000684802149329
0.0001928726882365274
0.0003651313250512502
0.00042821975445950884
0.000277229282456673
0.00016297539752470954
0.0002727346417779133
0.00042016674598783523
0.0003583627118762694
0.00019065617723640262
0.0001953883979350084
0.00036103325521328494
0.0004081919524622197
0.0002578852856921529
0.0001613261187572544
0.00027735813329437945
0.00040804566427402066
0.00033302883901036224
0.00017839831167096656
0.00020223112580365892
0.0003608606117226873
0.0003850528396290532
0.0002340062957670256
0.00016161799913000222
0.0002869383849248804
0.0003952514664582813
0.0003027075009279499
0.00016572181066183277
0.0002139757554721661
0.0003622563398205478
0.0003573949740447327
0.00020758576502272067
0.00016600468605212047
0.0003000661140603886
0.00037906680406508703
0.00026803014240385937
0.00015563890869499603
0.00023089201005173886
0.0003621634409572284
0.0003239926453910834
0.00018145322498719385
0.000176580813580353
0.0003143891587689203
0.00035665365988778283
0.00023061271437495637
0.0001515466442662222
0.00025225661483732923
0.0003568298306883379
0.0002845791859793995
0.0001594293718943727
0.00019462533175779824
0.00032628965446649966
0.00032570863981254373
0.00019359730361485786
0.00015666399334421464
0.0002756004116718342
0.000342265048031559
0.0002407041063337517
0.00014603237953759248
0.00021966206056269356
0.00033091442438742394
0.00028549304141593877
0.00016187308282094096
0.00017293853853856062
0.00029627453549239176
0.0003152887771989156
0.00019642128677782567
0.00014557369567955148
0.00024847120979100477
0.0003229344588206928
0.00023810062192630515
0.0001415033545187096
0.00019960471041700727
0.00030773206250005246
0.00027511098437710507
0.00015841014691455116
0.00016045670476273885
0.00027457562200872187
0.00029830120780763563
0.00018936067968420775
0.0001380877313239097
0.0002318562711412838
0.00030294060483555645
0.00022513181860881436
0.00013484155800126208
0.00018897705392026138
0.00028900845119219764
0.00025672015950094565
0.00014859082709255773
0.00015407976121519038
0.00026045963345572125
0.0002772125503224198
0.00017396392163605574
0.00013255164608780724
0.00022366223341682614
0.0002829201658976761
0.00020400324085381467
0.0001263601412717875
0.00018573970535792515
0.0002735252601301437
0.00023183212509559313
0.00013429035672652984
0.00015299382980793518
0.0002515926327674497
0.00025196116317412545
0.00015269870289042788
0.0001299120566956454
0.00022154839192531665
0.0002610542311714506
0.00017664765209350793
0.00011862765047301535
0.00018858388766196128
0.0002581417650930314
0.00020096888068606763
0.00011901926423802528
0.0001575930898824818
0.00024434974137426714
0.00022122016747591015
0.00012909709644031223
0.00013244039688714657
0.0002223402280336871
0.00023423494993764487
0.00014571374893921924
0.00011551254852004266
0.0001955935587262007
0.00023841896647427713
0.00016522438611944485
0.0001076510850537022
0.00016773970531209006
0.00023365282865758612
0.00018416429852662064
0.00010830255633584654
0.0001419859374968465
0.00022106611041124158
0.00019966837531111906
0.00011588332991826523
0.00012076548209271135
0.00020260036803210375
0.0002097869523519716
0.00012817921583763506
0.00010554669174939711
0.0001806299244350492
0.00021352370115868685
0.00014277394953930364
9.685075795057285e-05
0.00015753489988278718
0.00021080826039390071
0.00015737690601855606
9.436188173602908e-05
0.00013544555240759502
0.00020228130712590664
0.000170087012088661
9.715061245592002e-05
0.00011600654302006044
0.00018910956133654303
0.0001795173329137015
0.00010389148493766993
0.00010032708278495325
0.00017271148632147168
0.00018485572408017542
0.00011310518512026163
8.893862522328655e-05
0.00015458609442926818
0.00018581495908184809
0.00012333297183332592
8.189514389696229e-05
0.0001361073718385425
0.00018256453266067563
0.0001332918295143537
7.883853817436393e-05
0.00011844867845135776
0.00017559994805968482
0.0001419499349284009
7.915373106233414e-05
0.00010248219224592847
0.00016564062080867692
0.00014857715373152447
8.205249887138083e-05
8.87980938752489e-05
0.00015349803633799355
0.00015273515204587652
8.671006029629599e-05
7.768364895437835e-05
0.0001400021551509409
0.00015425581153039047
9.231719593343762e-05
6.919921592323658e-05
0.00012590913299232592
0.00015318943616622616
9.816836101934207e-05
6.31943203770989e-05
0.00011187711770638958
0.000149752819928739
0.00010367008146512646
5.9398326662005174e-05
9.84168194918672e-05
0.0001442733081605807
0.00010838112475926309
5.7438941877201166e-05
8.59095151324249e-05
0.00013713687396096214
0.00011199005685079075
5.6922505141419194e-05
7.458783864590368e-05
0.00012875093736287868
0.00011432326955329586
5.7438352109848156e-05
6.457852182345514e-05
0.00011950519319096214
0.00011530956637987883
5.86173036616483e-05
5.5894750650702096e-05
0.00010975834171969567
0.0001149719545667921
6.012040800432855e-05
4.848796993843496e-05
9.981237670871057e-05
0.00011339449118453505
6.167667572412432e-05
4.2240916399895884e-05
8.992091476011516e-05
0.00011070845591665268
6.306072930731266e-05
3.701652411484263e-05
8.027110970989376e-05
0.00010706965488527925
6.41141285683891e-05
3.26456715936535e-05
7.10064478469663e-05
0.00010264404147650175
6.472040070522322e-05
2.8968947941628714e-05
6.221128083511119e-05
9.759869486120759e-05
6.4814941891745e-05
2.5818903882299238e-05
5.394104829571991e-05
9.208709982068061e-05
6.436365969722329e-05
2.3053019402387992e-05
4.620620160391761e-05
8.625365219279424e-05
6.336544486534174e-05
2.053416729918059e-05
3.900516206458218e-05
8.02179784225403e-05
6.183856072014028e-05
1.8154132582267474e-05
3.230577803383858e-05
7.408907047590577e-05
5.9816071225517534e-05
1.5815019795770244e-05
2.6076354769147964e-05
6.794736857630018e-05
5.734184133966008e-05
1.3444063405639722e-05
2.026652668205009e-05
6.186598209422791e-05
5.446043540971966e-05
1.0980112381719226e-05
1.4833952011468476e-05
5.5890730924296195e-05
5.1222538481575375e-05
8.379591166265011e-06
9.726634272993334e-06
5.006449586359568e-05
4.766980932193951e-05
5.6106306972059095e-06
4.903390734686472e-06
4.440710229321144e-05
4.384875697915208e-05
2.651157363409845e-06
3.2108035273592517e-07
3.893966146948161e-05
3.979216175693909e-05
-5.084445596371251e-07
-4.053356707334199e-06
3.366551701463466e-05
3.5537112268745064e-05
-3.876018280942611e-06
-8.250288216524225e-06
2.8589592240401557e-05
3.1103992672476544e-05
-7.447584582383204e-06
-1.229436386471737e-05
2.370422748073633e-05
2.6517269563108153e-05
-1.122244968321598e-05
-1.6202554953471948e-05
1.9002986268680175e-05
2.1786440464516624e-05
-1.518726809930128e-05
-1.9990181991483627e-05
1.4472902786111241e-05
1.6924343850003784e-05
-1.9334721809951844e-05
-2.366198664324401e-05
1.009911070366451e-05
1.1932300966716047e-05
-2.3645245358479283e-05
-2.722525946784876e-05
5.865198339475783e-06
6.812676305440607e-06
-2.810560295798785e-05
-3.0675703293047904e-05
1.7489908208027753e-06
1.5615600616096861e-06
-3.269192858740971e-05
-3.401454773572718e-05
-2.2691220303155957e-06
-3.826166660774767e-06
-3.738389986228472e-05
-3.7232383995932164e-05
-6.218042536294474e-06
-9.355996902401728e-06
-4.2153739777809934e-05
-4.032702876544288e-05
-1.0122304040172808e-05
-1.5037269815646251e-05
-4.697336133021798e-05
-4.328942270094427e-05
-1.4017628552954325e-05
-2.0873723675401967e-05
-5.1811077778910614e-05
-4.611728659833451e-05
-1.793490652712837e-05
-2.687338087262181e-05
-5.6630151348859015e-05
-4.88070027718588e-05
-2.1915173240274945e-05
-3.3033657622342887e-05
-6.13943669579807e-05
-5.1360418762838936e-05
-2.5996149817946596e-05
-3.93546792341647e-05
-6.60595755456253e-05
-5.378510274222162e-05
-3.022197451657202e-05
-4.582310147773893e-05
-7.058591628782834e-05
-5.6092615615788155e-05
-3.463541535509221e-05
-5.2424078070378854e-05
-7.492575798850442e-05
-5.83069458593103e-05
-3.927954336014998e-05
-5.9129251550819883e-05
-7.903928695386381e-05
-6.04559680324945e-05
-4.419759652139928e-05
-6.590352456224084e-05
-8.288359243156405e-05
-6.258440018995937e-05
-4.942528295854079e-05
-7.270044948276197e-05
-8.642598713853346e-05
-6.474124610652502e-05
-5.4996726675872985e-05
-7.946166085805347e-05
-8.963888494207487e-05
-6.699204485093816e-05
-6.093037293325703e-05
-8.61216387728677e-05
-9.250710170829492e-05
-6.940702886132398e-05
-6.723746232361986e-05
-9.260102741464292e-05
-9.503058918466922e-05
-7.206678436241852e-05
-7.390671257445722e-05
-9.881919898953491e-05
-9.722419740958686e-05
-7.505523428523453e-05
-8.091171117618643e-05
-0.00010468681174740594
-9.912802524248039e-05
-7.845631115180112e-05
-8.820132281064236e-05
-0.00011012223875687087
-0.00010080056772008607
-8.235257528921725e-05
-9.570251285968357e-05
-0.00011504825966878861
-0.00010233083245819643
-8.681233104013662e-05
-0.00010332001455300947
-0.00011940558580452159
-0.00010382682272839974
-9.189094439716449e-05
-0.00011093339713308663
-0.000123155749739182
-0.00010542053069056458
-9.761195886426842e-05
-0.00011840651525102646
-0.0001262873061929539
-0.0001072563324160886
-0.00010396944855461335
-0.00012558519641629718
-0.0001288273474720318
-0.00010948711164897144
-0.00011091535430918275
-0.00013231729068483977
-0.00013084142505051088
-0.00011226660252103629
-0.00011836141201435231
-0.00013845574999497064
-0.00013244525944543055
-0.00011573218100159252
-0.00012617561576794365
-0.00014387769939642418
-0.0001337938177833186
-0.0001199967675996243
-0.00013418162543585614
-0.00014849396944834883
-0.00013508390659741631
-0.00012512585052895653
-0.0001421715386408951
-0.00015226401121713144
-0.00013653924484670343
-0.00013113301496675252
-0.00014991118736593805
-0.0001552113101906923
-0.00013839780699793133
-0.0001379619690064258
-0.00015716513796557897
-0.00015742547741974533
-0.0001408929380287598
-0.00014548480511968227
-0.00016371091361954164
-0.00015907311899153714
-0.0001442267219618383
-0.0001535024370865278
-0.00016936922521159758
-0.00016038580107402035
-0.00014855179889099873
-0.00016175087485104296
-0.00017402566351454795
-0.00016165304586858616
-0.00015394037824354736
-0.0001699242711850203
-0.00017765194346622097
-0.00016319628860975415
-0.00016037223255148565
-0.00017769485166972774
-0.00018032508569557548
-0.0001653389223356058
-0.00016771812713584598
-0.000184753297066095
-0.00018222699725641998
-0.0001683719289453159
-0.00017574223955241046
-0.00019084126042594098
-0.00018364446331590317
-0.00017251040417405432
-0.00018411715910024266
-0.0001957927066439033
-0.0001849415750734089
-0.00017786388661057738
-0.00019244888033667076
-0.0001995659293704715
-0.0001865280649295479
-0.00018440305750820358
-0.00020032518885776483
-0.00020226176524997517
-0.000188809984935508
-0.00019195203295599905
-0.00020736215475143844
-0.0002041320133044169
-0.00019213290076635237
-0.00020019324742475341
-0.00021326597917355455
-0.00020555580516718993
-0.00019673067603676346
-0.00020869603682053953
-0.00021788194054588473
-0.00020700438559367916
-0.0002026734920886294
-0.00021697067351954334
-0.0002212323456151368
-0.00020897647284903818
-0.00020984517352997853
-0.00022453155818694072
-0.00022353383589728427
-0.0002119246832776281
-0.0002179379580226681
-0.00023097944107434206
-0.00022517795961527615
-0.00021617984985655746
-0.00022648488455582648
-0.00023607066564494987
-0.00022668885389291694
-0.00022188033519959414
-0.0002349236861026536
-0.00023977532819820604
-0.00022864194602082724
-0.00022893511154996847
-0.00024268212575414552
-0.00024230283768741467
-0.00023157008220195613
-0.0002370148567210858
-0.0002492845528844045
-0.00024408298143906268
-0.00023586295382285955
-0.00024559472893310227
-0.0002544443418063348
-0.00024570951605528443
-0.00024167959439765681
-0.0002540373486409531
-0.0002581382587350761
-0.00024783540589919497
-0.00024890251542003484
-0.00026170663919954735
-0.0002606318732247823
-0.0002510506798255583
-0.0002571344452808143
-0.0002680998830445836
-0.0002624463785269554
-0.0002557548664093278
-0.00026576177822272584
-0.00027295889252154475
-0.0002642722058440787
-0.0002620568605779395
-0.00027406846143408553
-0.00027634767349179654
-0.00026682837844273574
-0.00026973293352251185
-0.00028138522706755756
-0.0002786603058852578
-0.0002707068959585581
-0.00027824915849929827
-0.0002872471542449336
-0.00028055291822963696
-0.0002762256213969952
-0.00028686662875712356
-0.00029151293086330946
-0.00028281020438606676
-0.0002833342771287658
-0.0002948034486975064
-0.00029442464549538647
-0.00028616146887135087
-0.0002916058926346935
-0.0003014244583551774
-0.00029657178725989836
-0.00029109839446649874
-0.00030031639785609693
-0.00030641294841898294
-0.00029876186141747547
-0.0002977318771742181
-0.0003086156102917025
-0.00030986934337324265
-0.00030182473281507036
-0.00030573990369085367
-0.0003157449321304715
-0.00031231343440967017
-0.00030638897326686065
-0.00031443266898930613
-0.00032124998418270356
-0.0003145647056661278
-0.0003126986050594323
-0.00032291951369641447
-0.0003251257177201497
-0.00031752578560412486
-0.0003205193618491392
-0.00033035358895124154
-0.0003278390814605138
-0.00032192765609647604
-0.0003291812152382001
-0.0003361827371423866
-0.00033022004511899946
-0.0003281017881653799
-0.0003377587684309835
-0.00034033085262266194
-0.00033322776537487693
-0.00033586009596244426
-0.00034533874372104617
-0.0003432466669857175
-0.0003376577304561736
-0.00034452689169980097
-0.00035131042142575656
-0.00034578580583388306
-0.0003438833141444376
-0.0003531320796098526
-0.0003555773409428518
-0.00034895490761770696
-0.00035171180209372585
-0.00036071818133178953
-0.00035861243126848025
-0.00035358362547179413
-0.0003604249812759675
-0.0003666615796940897
-0.0003613263392922264
-0.00036003371733172944
-0.00036900198059590513
-0.0003709039775203893
-0.00036476873673422074
-0.00036805420942078587
-0.0003764629766792671
-0.0003739969960116329
-0.000369763013752789
-0.00037684337656985806
-0.00038222518162267353
-0.0003769276216537366
-0.0003765983068817027
-0.0003853203976295241
-0.00038633140555531693
-0.00038077296552638967
-0.00038489915552380213
-0.00039251841433536226
-0.000389459596536754
-0.00038629515831548056
-0.0003937444926894757
-0.0003979573617081207
-0.00039268747978940923
-0.0003936357962314764
-0.0004020038626630436
-0.0004018520105090234
-0.00039708285129354433
-0.00040223829422075894
-0.00040877975292801893
-0.00040505086554715815
-0.0004032769015297076
-0.0004110467028106031
-0.00041378166901623434
-0.00040871284385032825
-0.0004111894276629022
-0.00041892597772411836
-0.000417466374225441
-0.0004138363480129083
-0.0004200386127688606
-0.00042513711947798644
-0.00042087119087053744
-0.00042082769718326807
-0.000428654060664925
-0.00042966787083154783
-0.0004251840892055439
-0.0004293069743582052
-0.0004359743552702286
-0.00043326249425925485
-0.0004312236198460188
-0.00043825206176681397
-0.0004415248073081925
-0.00043711022888405287
-0.0004390606043110693
-0.00044644142736969834
-0.00044565153556940917
-0.0004423163500388103
-0.0004479635525983733
-0.00045301516442354485
-0.0004493853283389663
-0.000449386469483675
-0.00045672098397421404
-0.0004578910981081208
-0.00045397626058387656
-0.00045797024691059704
-0.0004642094380928102
-0.0004618273051948201
-0.0004602970030100728
-0.00046701044535008766
-0.0004699426478941794
-0.0004660741155817086
-0.0004684032280835317
-0.00047524551550236346
-0.000474329133969481
-0.0004717601434608735
-0.0004774839907571032
-0.0004818376431452642
-0.0004784859064079802
-0.000479315319904223
-0.0004862532098725326
-0.00048681452571960925
-0.00048368091660962046
-0.00048823406297891477
-0.0004936115011179932
-0.0004910781940227161
-0.0004906760684029207
-0.0004973237589413605
-0.0004992368652850241
-0.0004959482157207817
-0.0004993096004771327
-0.0005053316075014722
-0.000503774087749894
-0.0005024542415366577
-0.0005085613259756929
-0.0005116242576675206
-0.0005084988101855324
-0.000510758100449275
-0.0005170985613222427
-0.0005165524365262531
-0.0005146179468782318
-0.0005200483646002133
-0.0005240239195859382
-0.000521277182670444
-0.000522586124931419
-0.0005289888445258505
-0.0005294026243581678
-0.0005271177561406838
-0.0005318298093158736
-0.0005364842247215815
-0.0005342414283908102
-0.0005347801994225968
-0.0005410639627994292
-0.000542332164009725
-0.0005399076905732
-0.0005439273887448241
-0.0005490514539361049
-0.0005473634848488095
-0.0005473146574195222
-0.0005533679776069311
-0.0005553599910674487
-0.0005529531666161017
-0.0005563536773276097
-0.0005617769966243316
-0.000560641706322175
-0.0005601754333911824
-0.0005659457728805003
-0.0005685251638189344
-0.0005662428124518844
-0.0005691231470677212
-0.0005747151059470308
-0.0005740929443776258
-0.0005733566836088756
-0.0005788358479995206
-0.0005818718937608454
-0.0005797773251575882
-0.0005822464602941628
-0.0005879121515494985
-0.0005877388089240347
-0.0005868523702991812
-0.0005920614832942005
-0.0005954339599721357
-0.0005935545357587313
-0.0005957201855892205
-0.000601394134682842
-0.0006015915325454837
-0.000600648636213218
-0.0006056277982257514
-0.0006092305359673997
-0.0006075680270493809
-0.0006095318752707165
-0.0006151723839507581
-0.0006156578193305368
-0.0006147311053835019
-0.0006195322160461331
-0.0006232747279884904
-0.0006218156912932396
-0.0006236724930405797
-0.0006292565970009612
-0.0006299497978966601
-0.0006290971143142554
-0.0006337783821461874
-0.0006375849535763736
-0.0006363088092148177
-0.000638146177383175
-0.0006436634527285448
-0.000644489959574987
-0.0006437592025801894
-0.0006483795210603695
-0.000652185436157882
-0.0006510691807715945
-0.0006529664362354536
-0.0006584115295556088
-0.0006593029806080649
-0.0006587352135090712
-0.0006633488728493364
-0.0006670962075857982
-0.0006661183202488988
-0.0006681464883129332
-0.0006735135070084618
-0.0006744085290201294
-0.0006740417752980556
-0.0006786950853218949
-0.0006823298372342643
-0.0006814742158411024
-0.0006836967200675535
-0.0006889752922444098
-0.0006898212587908984
-0.0006896947576999534
-0.0006944246883315748
-0.0006978966954518575
-0.0006971584306561035
-0.0006996340162792286
-0.0007048090495732343
-0.0007055667779366556
-0.0007057264721363823
-0.0007105608678243738
-0.0007138251595872752
-0.0007132148938805447
-0.0007159974138189651
-0.0007210461561683061
-0.0007216903421483831
-0.0007221875546706306
-0.000727139288460626
-0.0007301527501349192
-0.0007296951472218005
-0.0007328280678293728
-0.0007377155672261522
-0.0007382348900364382
-0.0007391244013219063
-0.0007441879434003972
-0.0007469110031288083
-0.0007466466550044969
-0.0007501605161660376
-0.0007548397422451583
-0.0007552394196361546
-0.0007565760913272289
-0.0007617228045830723
-0.0007641195825558761
-0.0007641016944882298
-0.0007680062361163959
-0.0007724164936479417
-0.0007727194376682053
-0.0007745538749353506
-0.0007797319824523643
-0.0007817789037509887
-0.0007820778021772109
-0.0007863644036256601
-0.0007904433167686539
-0.0007907014058395698
-0.0007930816195658467
-0.0007982220239140646
-0.0007999178850772292
-0.0008006190130904452
-0.0008052546531069705
-0.0008089412942006763
-0.0008092328513750278
-0.000812191784983889
-0.0008172060253695827
-0.0008185762678790591
-0.0008197734168304358
-0.0008246981544939042
-0.000827945459948712
-0.000828379893726367
-0.000831931540874874
-0.0008367213006700673
-0.0008378267549436621
-0.0008396115506360963
-0.0008447314202680279
-0.0008475084938191501
-0.0008482110304339572
-0.000852327816312743
-0.000856781065214255
-0.0008577118618781184
-0.0008601537043375612
-0.0008653391289128471
-0.000867645495820094
-0.0008687556053451734
-0.0008733703107912359
-0.0008773868823896756
-0.0008782763950823114
-0.0008814185328114175
-0.0008865187886129699
-0.0008884004745034933
-0.0008900589652282788
-0.0008950574717292775
-0.0008985622457399476
-0.000899579223406085
-0.000903421055887847
-0.000908277616397158
-0.0009098396149059386
-0.0009121762142519402
-0.0009174065406182777
-0.0009203772616307357
-0.0009217222215687267
-0.0009262116375644946
-0.0009306805886494323
-0.0009320892434936932
-0.0009351962478149718
-0.0009404711229435857
-0.0009429479123876848
-0.0009448235254894874
-0.0009498393431714236
-0.000953807208833425
-0.0009552750835435096
-0.0009591759626453658
-0.0009642844461432375
-0.0009663754523981083
-0.0009689518521560277
-0.0009742997284423483
-0.0009777061732963357
-0.0009794701897545605
-0.0009840985661940798
-0.0009888354147568864
-0.0009907212473713898
-0.0009941066681565095
-0.0009995394584618464
-0.0010024084640247015
-0.0010047064069758525
-0.0010099058489180983
-0.0010141184604897623
-0.0010160514111086686
-0.0010202735502111773
-0.0010255369412605192
-0.0010280080130897885
-0.0010310539099190278
-0.001036601953936977
-0.0010402439682626907
-0.0010425307978159904
-0.0010475243494596034
-0.0010524081711703734
-0.0010547368399104902
-0.0010586743441656698
-0.0010643055480429112
-0.0010674578163131182
-0.001070398687929193
-0.00107598381489739
-0.0010803531384391905
-0.0010828611153900687
-0.0010876979264928467
-0.0010931249613852058
-0.0010959773624516023
-0.001099777506599041
-0.0011056529910306186
-0.0011094689009437408
-0.0011124692878145218
-0.00111803822296322
-0.0011230029514600745
-0.0011258302124254704
-0.0011305444797050685
-0.001136349651884033
-0.0011397176250776886
-0.0011434743000572967
-0.0011494850038916197
-0.0011538732951243804
-0.001157040234430631
-0.0011625981188889143
-0.001168055385649088
-0.0011712868613390675
-0.0011760039219338447
-0.0011821519045004901
-0.0011860894553127142
-0.0011900041934013172
-0.0011962257319481251
-0.0012012220981329656
-0.0012047602305898172
-0.0012104766791936686
-0.0012164597731873072
-0.00122023133030848
-0.0012251458284686448
-0.0012316720445757143
-0.0012362049372929415
-0.0012404135411666242
-0.0012468759384501454
-0.0012524035380635466
-0.0012563382314323113
-0.0012622314177620046
-0.0012686170138672308
-0.0012728545790436675
-0.0012779802475818113
-0.0012847958380011754
-0.0012898172364186474
-0.0012943484648474098
-0.0013010629997552959
-0.0013070639722288823
-0.001311454051769488
-0.0013176493742056597
-0.0013244766905161226
-0.0013292637024696571
-0.0013347944791295768
-0.0013420281565960713
-0.0013476242354562161
-0.001352666175179109
-0.0013598049443345546
-0.0013663513039172117
-0.0013713234869168706
-0.0013779891995292027
-0.0013853227434843084
-0.0013907182843107537
-0.0013967949401032444
-0.0014045268864023438
-0.0014107212882692095
-0.0014163821990113362
-0.0014240545090876456
-0.0014311714222989547
-0.0014367999279623828
-0.0014440619759405028
-0.001451946721080657
-0.0014579903315768798
-0.0014647288506146514
-0.0014730277907085993
-0.0014798385736688963
-0.0014862105404864826
-0.0014945129973115748
-0.0015022281431036387
-0.0015085900173521902
-0.0015165778609217639
-0.001525083467961927
-0.0015318555782951582
-0.0015394135006560475
-0.0015484040420174793
-0.0015559273648844954
-0.0015631800824954538
-0.0015722838316090681
-0.0015807146863761495
-0.0015879769440346019
-0.0015968917741855909
-0.001606162107769407
-0.0016138233008348066
-0.0016224173423487066
-0.0016322733083690868
-0.0016406666041344235
-0.0016490183675264504
-0.001659122818490582
-0.001668426542438595
-0.0016767963743666995
-0.0016868536313016458
-0.0016970493396994892
-0.00170578998636469
-0.0017156440224740783
-0.0017265373975473657
-0.001735978855698992
-0.0017456603564773596
-0.0017569599551354453
-0.0017673136938510818
-0.0017770289673858521
-0.0017884540653691013
-0.0017997635475533822
-0.0018098294583344784
-0.0018212058219375452
-0.0018333506191992742
-0.0018440974936360717
-0.0018554123701971395
-0.0018681628465641524
-0.001879842197460345
-0.0018912497832334566
-0.001904355230168536
-0.0019170812442196174
-0.0019288592227068692
-0.0019421359084761647
-0.0019558702873721224
-0.0019683404524080436
-0.0019817324456991546
-0.001996316037568502
-0.0020097603565386035
-0.0020233627916568997
-0.002038584467424725
-0.0020531818900240036
-0.0020672204400575492
-0.0020828957962346875
-0.0020986914495404294
-0.002113463844525621
-0.002129498812949409
-0.002146412494036511
-0.0021622151531955312
-0.002178643139963454
-0.002196517370957777
-0.0022135835270303853
-0.002230569970837061
-0.0022492399442677665
-0.002267702259745815
-0.002285514842084629
-0.0023048771829652904
-0.002324762150947464
-0.002343717084420192
-0.002363777751672326
-0.0023850284440923505
-0.0024054265078564674
-0.0024263147063518795
-0.0024488323824513073
-0.0024709029150539567
-0.00249285260025316
-0.0025165493803971516
-0.002540423212896341
-0.002563738207655177
-0.0025885942481834057
-0.002614315269933721
-0.002639329580642386
-0.0026654371473435073
-0.0026930006321996677
-0.002720037236587547
-0.002747614095320374
-0.00277701243004437
-0.002806343846312503
-0.0028357091235387726
-0.0028669687199770937
-0.0028987878839204905
-0.0029303134731518275
-0.002963524066277863
-0.0029979459541825634
-0.0030320146152321217
-0.003067362420818683
-0.0031044691162032
-0.00314145974214237
-0.003179260444742423
-0.0032191703645327507
-0.0032594569266114573
-0.00330015811700221
-0.0033430742668141703
-0.0033870119609723374
-0.0034311484395081237
-0.003477368308277563
-0.003525274830822104
-0.0035734062871704327
-0.0036233201858307347
-0.0036754907760218605
-0.0037281764610017226
-0.0037822945956772526
-0.0038390764462260755
-0.0038969076608313764
-0.003955908363228817
-0.004017795266276341
-0.0040814393988310976
-0.004146180276574939
-0.004213853695922822
-0.004284049868976599
-0.0043555048550743495
-0.00442980029416255
-0.004507322674849166
-0.004586506658090737
-0.004668389365062094
-0.0047540789790054576
-0.004842073783876948
-0.004932715833449126
-0.005027630869356455
-0.005125723444784372
-0.005226639566925404
-0.005332224155884089
-0.005442028492860577
-0.005555131555805256
-0.005673264785085306
-0.0057967267417158245
-0.00592426579244939
-0.006057217324472346
-0.006196599293227533
-0.006341143301974661
-0.006491625251659253
-0.006649651456943573
-0.006814267538405694
-0.0069856643195297784
-0.007165823124966239
-0.0073543752153482685
-0.007551020977600962
-0.007757856208925457
-0.007975262680373463
-0.008202648268174918
-0.008441983785088477
-0.008694463313312084
-0.008959491899008448
-0.009238768587887889
-0.009534280639932887
-0.009845774125540097
-0.010174653239216154
-0.010523610941728122
-0.010893067664675581
-0.011284224422330506
-0.011700338011469445
-0.012142764456068846
-0.012612677074123654
-0.013113712793056707
-0.013648283653317668
-0.014217705764752078
-0.01482571524038229
-0.015475615235163881
-0.016168811516010205
-0.016908553208721547
-0.017698288153236964
-0.018538820506326905
-0.019431585249138073
-0.02037832504766061
-0.02137723638318813
-0.02242513369813775
-0.023518285148731846
-0.024647990257077777
-0.025801139678537227
-0.026961840236943237
-0.028106919983657712
-0.029204682876766003
-0.030216927025786704
-0.031094994106466912
-0.03177700854182278
-0.03219015666287616
-0.032248190863045874
-0.031848168091591494
-0.030873462047577103
-0.029194124150036464
-0.02666500150992657
-0.023130736153457863
-0.01843083299736394
-0.012401613778403642
-0.004884829012902596
0.0042610234592650835
0.015153070911605249
0.027871308454577495
0.04244163170567325
0.05882360725907557
0.07689660224030878
0.09644245583714295
0.11713518677420232
0.13853475379879665
0.16008069535076758
0.1810961253269669
0.20080240012465111
0.21833789412702675
0.2327890503780871
0.24323593152092637
0.24880274117768308
0.24871656058284258
0.24237639571142094
0.22941976047354223
0.2097836699240717
0.18376113610446468
0.1520390285700493
0.11570966041449438
0.07625856338605158
0.035518415561593034
-0.004417076765660248
-0.041310044996405074
-0.07292471473067272
-0.09720106855268112
-0.11243599354051256
-0.11745646304201468
-0.11177457918812866
-0.09569951346919289
-0.07038593671125483
-0.03781293092300501
-0.0006808208148021944
0.03778003268393603
0.07407199493324873
0.1047472689502995
0.12675819877993466
0.13779829195061827
0.13659250431019837
0.1231045276840326
0.09862129223826807
0.06568675212660549
0.027884392830781972
-0.010523531363021223
-0.0450745676061899
-0.07164476262554269
-0.08698247138510783
-0.0891717469862897
-0.07794899575788093
-0.054813135905210614
-0.0229026879237895
0.013366940968107012
0.04887725057491668
0.07851586933000304
0.09792640342916689
0.10419218634561507
0.09633499778249441
0.07553504413313768
0.045022963583619915
0.009632893689296505
-0.024935025043920846
-0.053030458189692084
-0.0700048442257413
-0.07304008047730273
-0.06169244935046833
-0.03803769980854211
-0.0063721861890451495
0.0275072681766019
0.05733518889705488
0.07753635768902205
0.08430058907945741
0.07636172789218293
0.05530430387756337
0.02531465688671655
-0.007597437744743633
-0.03677997205301949
-0.05629584037433408
-0.062173353117001465
-0.053284226892196376
-0.03164296883721175
-0.0020297746921346784
0.029005616738589413
0.054561372346278225
0.06892643644390685
0.06889843754178934
0.05455879943852615
0.02930787525839755
-0.0008790945774060112
-0.0288328903877594
-0.047893632271238995
-0.05353259868187797
-0.04449510438068034
-0.02315769849019312
0.005020247679220833
0.03283691617845165
0.05316642857367602
0.060802737030419086
0.05384072925907471
0.034215585067550444
0.007233503491647104
-0.01981681648406758
-0.03962205754833996
-0.046845558666703056
-0.03962253295158441
-0.02011677572161296
0.006051155524406564
0.03136989633838158
0.048572259169139924
0.05274085547104426
0.0427648066405196
0.021696534389115618
-0.0041211486196481295
-0.02692811330384841
-0.03988247738313852
-0.03915204540497008
-0.025111241119764895
-0.002255251110891413
0.022176090187499484
0.04046202246466296
0.04684733852746151
0.03939439876279846
0.020631675774786074
-0.003243779600546424
-0.024377445938801798
-0.03583925297486139
-0.03393292041277902
-0.019451286793455057
0.0025722205243303513
0.02455676754075723
0.038958765972001
0.04087639802049324
0.02976410702344308
0.009638030442463941
-0.012322913327360173
-0.028314520280477047
-0.032697352209957675
-0.024033102133231996
-0.005617050698003511
0.015710193847347436
0.03206758751763751
0.03744799848319014
0.029958231317249402
0.012537515762318829
-0.008140542509531008
-0.0241970111310981
-0.02955784971421206
-0.022292133135186465
-0.005366670618475152
0.014502890773863585
0.02948227139420142
0.033707528185696944
0.025613843264317912
0.008565501101032678
-0.01049312088346466
-0.023844135832681662
-0.02613341010964291
-0.0165621333642004
0.0007821893458177369
0.01861870363120531
0.029505209227754004
0.02895387101117544
0.017322108689904716
-0.0003400942031297733
-0.01644530828451374
-0.024120196805084676
-0.020166032601046772
-0.006443292553540551
0.010943867434188037
0.02432650592919989
0.027849074315971778
0.020060941462038552
0.004557801719424175
-0.011635856234576584
-0.02123251248353036
-0.01997771069790135
-0.00858116758955935
0.007616021452389972
0.021105081072512237
0.025680678942096396
0.019318932641036856
0.005114519742670747
-0.010182335288755602
-0.0193558626251964
-0.01814249588471273
-0.007254232698749639
0.007973475387872558
0.020159493811387798
0.02344737391087716
0.016343336594442558
0.0024341433717948026
-0.011385384630932617
-0.018317956816272574
-0.01502535555270348
-0.003277522327606483
0.010946201556647772
0.020471494167643264
0.020549136370876037
0.011250812606947448
-0.0025826232715562645
-0.01383104029172456
-0.016758930439761455
-0.009966938673538681
0.0028994177010601657
0.015063724075292093
0.0201719824365331
0.01562615457421014
0.00393794443806985
-0.008620425695784912
-0.015365596138182622
-0.012774666982438655
-0.0023609706964668638
0.010162592217472583
0.017989921767894698
0.016923176915039966
0.0076516618715173
-0.004648159096782754
-0.013179059065992343
-0.013282868459663692
-0.0050144651685004905
0.006910541489878788
0.01577430734239567
0.016635548876353816
0.009105407123748865
-0.0024535028600330944
-0.011428911225715072
-0.012740643664648908
-0.005740383925573592
0.005437134600794903
0.014283604797551256
0.015699832630061906
0.008952692858168996
-0.0019199573348680976
-0.010499030561404403
-0.01177257604645113
-0.00508753847685132
0.005487607254618468
0.013607805057172248
0.014451390663912107
0.007601949209512852
-0.0027260148138478118
-0.010257559701546733
-0.010469680974214393
-0.0033319907031661906
0.006699713119004444
0.013439126708631309
0.012781729590457935
0.005223935979456629
-0.0044702919047308705
-0.01025435922049561
-0.008577038621052146
-0.0005884948696167826
0.00860995221783412
0.013202755143360988
0.010341688689278775
0.0019344665612340928
-0.006599573344530492
-0.00981177071548715
-0.005716149577421257
0.002954403168854103
0.010541764079339468
0.012144049900964769
0.006793930733574807
-0.0019354636719804634
-0.008295801646973584
-0.008149269947499656
-0.0016808289151158885
0.0067522978150039575
0.011533580918331942
0.009528728480475111
0.0021592722358142885
-0.005579307525914954
-0.00849295227127253
-0.004686451745885766
0.0031781660372675355
0.009716214189942007
0.01049829686908272
0.005062420214669882
-0.0027968262666222023
-0.007659968940307458
-0.006223457961612692
0.00043541189255993777
0.007635141277402106
0.010365229652841668
0.0067786637814378345
-0.0005396076224831433
-0.006416049606051689
-0.00674264970501837
-0.0013647662526273154
0.005837043627486858
0.009728049444197988
0.007580727812771849
0.001002254645392838
-0.00524640489824628
-0.006688956390338975
-0.0023534731550245
0.004552083462515748
0.008992766366521512
0.007773946449599084
0.00185335918313522
-0.00438834840472448
-0.00638064818110246
-0.0027197261333703655
0.0038221623195182006
0.008374045110694707
0.007588397055028666
0.002115321672014326
-0.0039123258914686284
-0.005990468852823188
-0.0026178516001731794
0.0035993401202969455
0.00794073471221254
0.007151118533297146
0.001892059558861345
-0.003790166733801193
-0.005569047620977135
-0.00214142903454812
0.003799274852912659
0.007660540249334932
0.0064968155808747
0.001268023317845712
-0.003932786620416011
-0.0050773712108761375
-0.0013322509255472611
0.004317543721197718
0.007430115700394857
0.0055975021964921705
0.00032078163672780884
-0.00420346262976666
-0.004416886054153834
-0.00020960370901354627
0.005019769290326553
0.0070955433406413825
0.00440106103920123
-0.0008502851789528148
-0.004419613092210376
-0.0034639117806893015
0.0011851410797762765
0.005722756682257515
0.006475070886741003
0.0028782694762221226
-0.0020881624931930252
-0.0043594220255074815
-0.002117053951595631
0.0027399169490267324
0.006185663176196706
0.005398920390799445
0.0010814188965099477
-0.0031515427328949984
-0.003793651963548225
-0.0003607884998370532
0.004231178536165451
0.006129380928873232
0.003777180744717941
-0.0007987360707360482
-0.0037234628832178446
-0.0025556244324413655
0.0016621867761643797
0.005315304031656118
0.005307306025703963
0.0016902938313619969
-0.00240677088749485
-0.0034782903735622542
-0.0006481006602403654
0.0036001973716295295
0.005589476156219877
0.0036309513162218884
-0.000533503439094915
-0.0032695920049388965
-0.002222370262217322
0.0016449354909636449
0.004919945398279246
0.004745169288742212
0.001316014961788872
-0.002316859532457044
-0.0029564225198869315
-8.015356379071785e-05
0.003721777166003744
0.005067657866615583
0.0027922236254410413
-0.0010358279904857774
-0.002986087640691882
-0.0013431830778104104
0.002372965966899929
0.004799097921824824
0.003768129451108903
0.00025145625515562525
-0.0025457158365150183
-0.002104330202768581
0.0011310530230082562
0.0041822790188778824
0.004271124616585277
0.0013526185096456055
-0.0018681547057392092
-0.0024389520552721656
0.00012763244016103753
0.003427596744674356
0.004406974926465435
0.002188891517393459
-0.001134418532456236
-0.0024687697794280932
-0.0006020406181584644
0.002683773307241779
0.004301887913735338
0.0027587672868196666
-0.00046124001153329463
-0.0023161468391320822
-0.0010810657038432799
0.0020378624114963393
0.004068678368311709
0.003101778885003476
9.034770052802877e-05
-0.0020809947594458023
-0.001358625791727098
0.0015290558394231856
0.003792722627999869
0.0032712912255996535
0.00049864308636461
-0.0018339229856474623
-0.0014882211192105608
0.0011655413045848029
0.003530374464045084
0.003317877243815168
0.0007652458930713646
-0.0016182911232873291
-0.001515619835634966
0.0009388947212893429
0.003313323503110208
0.003281171095392119
0.0009027748016038385
-0.001455777217233054
-0.0014738585686293864
0.0008341098846975311
0.003154594311280996
0.00318735993845192
0.0009271206209523564
-0.0013521644494333624
-0.001382534922138232
0.0008352711003796957
0.003053777926663113
0.0030497581795279737
0.0008535958600676588
-0.0013018592882405875
-0.001249311362070704
0.0009277913544447836
0.0030007439098999394
0.002870961091573343
0.0006960944844901116
-0.0012907755767477282
-0.0010724899708445385
0.0010981091622771976
0.0029777954328935718
0.0026457307424912428
0.00046831667550015135
-0.0012979253676887205
-0.0008442032889908642
0.0013316876614372216
0.0029608248186649695
0.002364449544469892
0.00018631803225341087
-0.00129639458713192
-0.0005542130347679921
0.0016100615555359034
0.0029203262610727
0.0020173327564818825
-0.0001282766808221728
-0.0012545718109147677
