-6.366746322858385e-13
5.988702880767218e-13
-4.0541078523761986e-13
1.0855151413163844e-13
2.1708427156569288e-13
-4.86975802564682e-13
6.291474502831407e-13
-6.118351810434353e-13
4.3339160554864854e-13
-1.451239708917182e-13
-1.8076465075223674e-13
4.616611997201869e-13
-6.202601366550597e-13
6.218222551451769e-13
-4.605233295401634e-13
1.811255138928214e-13
1.4440358631073735e-13
-4.3407031441455857e-13
6.09959131814275e-13
-6.294175250443068e-13
4.861215596729807e-13
-2.165030307810234e-13
-1.0742752173942272e-13
4.054784936632916e-13
-5.970517998185251e-13
6.354958266975401e-13
-5.095649566227078e-13
2.5156323578641503e-13
7.054542967672421e-14
-3.751566604546294e-13
5.824124714496087e-13
-6.394073245231531e-13
5.31158098566034e-13
-2.8582315855794023e-13
-3.3124501336868805e-14
3.4436454360178034e-13
-5.649432510008866e-13
6.417218792723783e-13
-5.510728897132559e-13
3.1855021279201395e-13
-4.891540731494226e-15
-3.124592598546805e-13
5.459738564028704e-13
-6.415683956317864e-13
5.689962390142966e-13
-3.5091374250839635e-13
4.18554080283684e-14
2.784994457272205e-13
-5.261346913698617e-13
6.38378239159465e-13
-5.858646900946951e-13
3.8136160895874127e-13
-7.92005350191971e-14
-2.4388824293453126e-13
5.043881978750164e-13
-6.331098839629234e-13
6.008492314801828e-13
-4.102592831428664e-13
1.1683232506443098e-13
2.09177957615804e-13
-4.801362656254877e-13
6.265619482802168e-13
-6.129022999378032e-13
4.388360292487711e-13
-1.530515731506848e-13
-1.7308817728066072e-13
4.543923189094762e-13
-6.182752443207521e-13
6.225711017398957e-13
-4.658845793106654e-13
1.8930422763954588e-13
1.369501558386772e-13
-4.2706832710704163e-13
6.073263687652028e-13
-6.31061670428891e-13
4.906388741283788e-13
-2.2524755730189674e-13
-1.0027789077137901e-13
3.984103205173692e-13
-5.944074212683607e-13
6.371762116518932e-13
-5.141776956686137e-13
2.6003993712984166e-13
6.278213747085146e-14
-3.689087629624206e-13
5.788969458088171e-13
-6.417350170599074e-13
5.356362503877225e-13
-2.9412803047627225e-13
-2.5035353090069497e-14
3.3811385987025295e-13
-5.61762415462845e-13
6.435010596581413e-13
-5.560721432927544e-13
3.2679733337219937e-13
-1.2749668273813297e-14
-3.0547932534272383e-13
5.43655588107613e-13
-6.424073484534095e-13
5.748252343586782e-13
-3.5881250131314073e-13
4.996276665338846e-14
2.714775964250633e-13
-5.234526378225062e-13
6.39886063144873e-13
-5.909679303474022e-13
3.899067636131307e-13
-8.755890022108609e-14
-2.3756761472795444e-13
5.003846903048931e-13
-6.358977716342508e-13
6.05030554427354e-13
-4.1956394559747714e-13
1.2504504722455674e-13
2.025629833294119e-13
-4.761222046011235e-13
6.292100716886699e-13
-6.173562677641744e-13
4.4812848985321047e-13
-1.613964332777564e-13
-1.6570180301278952e-13
4.514634730005346e-13
-6.193113929413697e-13
6.284938732797165e-13
-4.745638923968117e-13
1.9786940819923627e-13
1.288261652117236e-13
-4.245542587332411e-13
6.079767058358939e-13
-6.371074530396791e-13
4.99584705023998e-13
-2.340929071618165e-13
-9.209789071109007e-14
3.953877617543786e-13
-5.952720401507256e-13
6.431377750067995e-13
-5.233173679860766e-13
2.6928670848746083e-13
5.461783245503432e-14
-3.651086756697377e-13
5.805084063047391e-13
-6.467191784463307e-13
5.458276633822873e-13
-3.033585307328673e-13
-1.685963446589968e-14
3.333440450883681e-13
-5.638550201292032e-13
6.4838760149171e-13
-5.660726810377766e-13
3.369625839189482e-13
-2.0868440878081623e-14
-3.0045412167952956e-13
5.45100396629752e-13
-6.480210743529256e-13
5.844252206770701e-13
-3.695812949060722e-13
5.863044398544212e-14
2.6655001706762603e-13
-5.242370135017239e-13
6.457415043697051e-13
-6.007414229391791e-13
4.0100095376647216e-13
-9.644737687589635e-14
-2.3169055719796485e-13
5.017885254069834e-13
-6.407142752844638e-13
6.159702821750943e-13
-4.302391283684417e-13
1.348172748615586e-13
1.9637336420558606e-13
-4.773013341531424e-13
6.34025093608119e-13
-6.282692524289051e-13
4.592171338323614e-13
-1.7220904216164296e-13
-1.6045070024488766e-13
4.5029055850875743e-13
-6.261178623809522e-13
6.379669776425339e-13
-4.870300773026073e-13
2.0868282511636518e-13
1.2273932293508754e-13
-4.233783293756045e-13
6.143512110082837e-13
-6.467231128505488e-13
5.128276739649239e-13
-2.447118722554597e-13
-8.476613514297635e-14
3.941803987295266e-13
-6.015223443229271e-13
6.525454965413788e-13
-5.37261122945682e-13
2.8030468256174084e-13
4.6634152577000365e-14
-3.636927905312361e-13
5.859750872569274e-13
-6.571189894558439e-13
5.591701066186862e-13
-3.157445801034853e-13
-8.774325652191568e-15
3.311379527476173e-13
-5.692278347527879e-13
6.587616286899729e-13
-5.798111096485641e-13
3.4994891276172826e-13
-2.963645967195374e-14
-2.978725156095594e-13
5.498962027974757e-13
-6.585555470941606e-13
5.988051530105699e-13
-3.823692548318187e-13
6.9210113614542e-14
2.6453962522618037e-13
-5.27661361383878e-13
6.571394352016386e-13
-6.146308811360055e-13
4.151543356784884e-13
-1.0712868475787488e-13
-2.2864052553090437e-13
5.049680966825227e-13
-6.520923851092052e-13
6.299921125149277e-13
-4.4522659626120267e-13
1.4618182596986476e-13
1.9284240551019013e-13
-4.795913991488367e-13
6.457347279915052e-13
-6.423239310342986e-13
4.750129816847251e-13
-1.839098516949899e-13
-1.5528364760622211e-13
4.533727885740168e-13
-6.363144466513663e-13
6.532268392604924e-13
-5.031370630344348e-13
2.2092556974594486e-13
1.1632688900530452e-13
-4.2608514512477446e-13
6.245841254505168e-13
-6.617922286416872e-13
5.297076678969904e-13
-2.5816537440622493e-13
-7.840544254090657e-14
3.9527270400941535e-13
-6.121437963892083e-13
6.676213435948139e-13
-5.546375937587013e-13
2.946662799222104e-13
3.914916169634598e-14
-3.646230227814469e-13
5.956131430177204e-13
-6.72913551264695e-13
5.768225107285101e-13
-3.308206472757223e-13
2.8283152891000843e-16
3.3239805330407336e-13
-5.772067774168082e-13
6.75773902081007e-13
-5.973094389284383e-13
3.661700637520294e-13
-3.961284625760055e-14
-2.9826964685907677e-13
5.575242123061123e-13
-6.757001272342784e-13
6.162163569227717e-13
-4.0071983945180075e-13
7.846533268390154e-14
2.6217063555405644e-13
-5.365697690362184e-13
6.726190102290649e-13
-6.340787799513743e-13
4.331301784321427e-13
-1.182587724497594e-13
-2.2565138212269447e-13
5.133601826017643e-13
-6.67330198306806e-13
6.500018961530419e-13
-4.640116968064682e-13
1.5846556203630478e-13
1.8884503051198001e-13
-4.876091168928627e-13
6.601814958405833e-13
-6.636914242654044e-13
4.936828195879453e-13
-1.9820646102410965e-13
-1.510367982976113e-13
4.598368168029447e-13
-6.514023313070732e-13
6.743925049903341e-13
-5.226434756143446e-13
2.370806267311626e-13
1.1207531831173068e-13
-4.307960052026144e-13
6.3986454871621e-13
-6.830036856559535e-13
5.508368012857294e-13
-2.737747732023401e-13
-7.049443870749363e-14
4.016099128683184e-13
-6.253344057871757e-13
6.89865547721183e-13
-5.763856840544816e-13
3.1177294885155573e-13
3.0910300834769215e-14
-3.6860899936104126e-13
6.097034094396222e-13
-6.947423626391537e-13
5.989106106288071e-13
-3.5061019152115716e-13
7.760327942139616e-15
3.3334490872052613e-13
-5.924161328044818e-13
6.965376403932491e-13
-6.21099888127988e-13
3.863254042054321e-13
-4.920820342970026e-14
-2.9869037549003234e-13
5.719452166986057e-13
-6.961343472258915e-13
6.418507040684801e-13
-4.2036437056466416e-13
9.154259145164122e-14
2.6355713041959417e-13
-5.484688455659662e-13
6.943433249001912e-13
-6.596808172935281e-13
4.541647205556467e-13
-1.329152491422254e-13
-2.2604674753543069e-13
5.242977396082584e-13
-6.890016039479557e-13
6.762601887166801e-13
-4.863726844483286e-13
1.7426137991173506e-13
1.8757419830932136e-13
-4.97753719234186e-13
6.819483528621023e-13
-6.900902832424742e-13
5.175523708356808e-13
-2.1548095227010222e-13
-1.4858544153047587e-13
4.686543020364873e-13
-6.732793607042387e-13
7.009444179992885e-13
-5.480490591766387e-13
2.556404083080644e-13
1.0826239514578626e-13
-4.379674014911343e-13
6.623043932959436e-13
-7.092268534324638e-13
5.775907360115044e-13
-2.9430470936436526e-13
-6.577159904881747e-14
4.072852296270256e-13
-6.471332582439199e-13
7.168754778042741e-13
-6.041809734186294e-13
3.3317351132128983e-13
2.3119526054334723e-14
-3.7480402191049604e-13
6.2948663793786e-13
-7.226576943357089e-13
6.282384566661826e-13
-3.7228147358867e-13
1.8861830294837552e-14
3.3951669232048893e-13
-6.108277407471764e-13
7.247992362425367e-13
-6.5165925391284e-13
4.0941469440984603e-13
-6.202660463728391e-14
-3.0311924410594413e-13
5.900495266992431e-13
-7.240045384319008e-13
6.736783719944264e-13
-4.451308260174764e-13
1.0561647571340177e-13
2.6556976501728783e-13
-5.666137326689548e-13
7.215522574452529e-13
-6.92821401025138e-13
4.80270359858536e-13
-1.4928250039362748e-13
-2.273121237310721e-13
5.39890935148562e-13
-7.184718606196918e-13
7.070795511852161e-13
-5.178772293478197e-13
1.8858222707367683e-13
1.837242594283383e-13
-5.144483468820673e-13
7.103692969226828e-13
-7.213784778885671e-13
5.516777562391702e-13
-2.302877599356344e-13
-1.4111098697870633e-13
4.86354906389292e-13
-6.986814969088326e-13
7.358836458599149e-13
-5.809098664251646e-13
2.7467715855354167e-13
1.0037615509353963e-13
-4.5345530758887905e-13
6.875099076962332e-13
-7.4517916593566e-13
6.108770039599577e-13
-3.1702050334323077e-13
-5.775753398919551e-14
4.1968068789773986e-13
-6.727741403006595e-13
7.530824616576464e-13
-6.385666074740503e-13
3.587884930171347e-13
1.4226117359077536e-14
-3.8417500880104897e-13
6.558759323336856e-13
-7.580556926827121e-13
6.649202444355618e-13
-3.9936921601322124e-13
3.0365680862291735e-14
3.4749712741103003e-13
-6.36190722521843e-13
7.605070230137665e-13
-6.897997408102255e-13
4.383984923110187e-13
-7.605054947802639e-14
-3.097835061954151e-13
6.13468698199045e-13
-7.613686187484097e-13
7.11422529556755e-13
-4.777398843946195e-13
1.2082929035649678e-13
2.6964140494161606e-13
-5.891901077566258e-13
7.58938401275142e-13
-7.316615204127686e-13
5.153834241277472e-13
-1.6604484255857803e-13
-2.2800693035158043e-13
5.628267045604104e-13
-7.537479532330271e-13
7.49579500356472e-13
-5.519183363535159e-13
2.1123309293845864e-13
1.8529363414119782e-13
-5.339228288644776e-13
7.4614965072967e-13
-7.652876392109628e-13
5.868449899603294e-13
-2.5636682915922753e-13
-1.4113284395884347e-13
5.033944258106258e-13
-7.353466273814859e-13
7.790179324970079e-13
-6.200923112616253e-13
3.0129086497841256e-13
9.613711978538161e-14
-4.703057125565262e-13
7.225485668274779e-13
-7.896537071444515e-13
6.522337410876016e-13
-3.454132197623727e-13
-4.9941024184796415e-14
4.3536250772268255e-13
-7.069929072813271e-13
7.980676613584122e-13
-6.818442061901691e-13
3.903308311647183e-13
4.743117886475766e-15
-3.967214113738702e-13
6.900047473857289e-13
-8.033606506594167e-13
7.099642211118348e-13
-4.337276479506618e-13
4.254513501344265e-14
3.578025959717386e-13
-6.69470102379145e-13
8.058299015958191e-13
-7.373423627115822e-13
4.74412813416e-13
-9.226194531123552e-14
-3.1880638107465565e-13
6.448364430380478e-13
-8.073163537045149e-13
7.605531373806237e-13
-5.165986493647007e-13
1.3965930583338656e-13
2.7565672987198626e-13
-6.194317018519771e-13
8.052558000794915e-13
-7.815750243724704e-13
5.579404667516142e-13
-1.8701982775917023e-13
-2.3065101356246655e-13
5.92245127014375e-13
-7.990904268770291e-13
8.022129729367844e-13
-5.958858712111794e-13
2.3644250889344566e-13
1.8599527290191778e-13
-5.608602169072005e-13
7.918719239993711e-13
-8.189719574329131e-13
6.333674535966058e-13
-2.853478591603968e-13
-1.3976602263711985e-13
5.272706135941244e-13
-7.818807029639379e-13
8.326588859996877e-13
-6.704960903212111e-13
3.3250380204179075e-13
9.096527595534561e-14
-4.923049815031e-13
7.684594029633198e-13
-8.443672735829189e-13
7.052032569010436e-13
-3.798918644937199e-13
-4.12274381300648e-14
4.555687966624478e-13
-7.513516718515856e-13
8.543984933478055e-13
-7.371773716902553e-13
4.2756565703325894e-13
-8.775288438608864e-15
-4.1613273157187214e-13
7.31692538589318e-13
-8.617973955987734e-13
7.666673285805503e-13
-4.753864402823327e-13
5.861218628500087e-14
3.735740015942124e-13
-7.104206545954783e-13
8.64994165704347e-13
-7.956084792717921e-13
5.209673567107415e-13
-1.1011010896469497e-13
-3.2953363142082005e-13
6.861527947384094e-13
-8.656061088922556e-13
8.219095769207245e-13
-5.659155978007711e-13
1.6220523230822315e-13
2.8413471855080176e-13
-6.586409896737211e-13
8.632062196839994e-13
-8.466220891947455e-13
6.087840197497975e-13
-2.1519662188241666e-13
-2.3694438897112104e-13
6.28519194431808e-13
-8.582046065148373e-13
8.679547800596106e-13
-6.513251936624215e-13
2.6805332720191213e-13
1.8855040142054524e-13
-5.948976662846495e-13
8.508060792347671e-13
-8.86515036727098e-13
6.926165370402249e-13
-3.2030714885999956e-13
-1.3749071325896978e-13
5.599297067671039e-13
-8.394188122373691e-13
9.029504574598057e-13
-7.319119268989205e-13
3.731839056525521e-13
8.600010894393995e-14
-5.212673825569225e-13
8.260228709800616e-13
-9.155529456859705e-13
7.706664641979376e-13
-4.242604146179106e-13
-3.1694092473113014e-14
4.813793587380817e-13
-8.087379568943808e-13
9.258087989209956e-13
-8.070720027925986e-13
4.75463366914234e-13
-2.3347111526818117e-14
-4.3918056148828993e-13
7.875029928969948e-13
-9.34534454854482e-13
8.398877979015681e-13
-5.27378862617282e-13
7.828298388562134e-14
3.9358600906965904e-13
-7.643519072034482e-13
9.39061433929895e-13
-8.715118607877703e-13
5.778882497679373e-13
-1.3440317864161168e-13
-3.459399165108978e-13
7.380126031098379e-13
-9.404154655093866e-13
9.010525653513005e-13
-6.270320997014522e-13
1.9153701073620607e-13
2.9602494442468904e-13
-7.091379325480655e-13
9.37870981921117e-13
-9.287363661893595e-13
6.748952148178642e-13
-2.491226549419873e-13
-2.4414083934282405e-13
6.766786047290742e-13
-9.331329790571686e-13
9.527211754009062e-13
-7.219978654122749e-13
3.0743183487394913e-13
1.9131565582724361e-13
-6.400690531166321e-13
9.259501749369984e-13
-9.734682135265086e-13
7.681290956856121e-13
-3.651944540111136e-13
-1.3567142897804458e-13
6.015419653465076e-13
-9.145745411354039e-13
9.919001947810707e-13
-8.123539301533078e-13
4.2303125112146857e-13
7.80205424096433e-14
-5.60807359480605e-13
8.988303638243355e-13
-1.0083207184078535e-12
8.54110192811104e-13
-4.811165862438375e-13
-1.9199528302930154e-14
5.16535130082009e-13
-8.807779184646859e-13
1.020390902554234e-12
-8.950185175249204e-13
5.382216979200306e-13
-4.128309022214352e-14
-4.694098378669097e-13
8.593839172559886e-13
-1.029308548185394e-12
9.334933568325723e-13
-5.952949605523725e-13
1.0267080552720385e-13
4.1963474648380573e-13
-8.33927875303019e-13
1.0358849763709916e-12
-9.686792113254042e-13
6.524200192860653e-13
-1.64702999108931e-13
-3.666977423222843e-13
8.059171213201029e-13
-1.037691325941065e-12
1.0029992819453772e-12
-7.072482218411895e-13
2.287604028310253e-13
3.120140335010848e-13
-7.736208738781064e-13
1.0369910908164848e-12
-1.0336954997538202e-12
7.618126008475883e-13
-2.9331096233430684e-13
-2.550783708614146e-13
7.373734914477194e-13
-1.0332660104360089e-12
1.0611468091151537e-12
-8.154677338797377e-13
3.580890997662498e-13
1.951248065503599e-13
-6.988070476347459e-13
1.024369304051654e-12
-1.0871774195988627e-12
8.666029817325645e-13
-4.23813893286649e-13
-1.3299358255008369e-13
6.567782044969017e-13
-1.0122149623410699e-12
1.1091925980675313e-12
-9.171911560883986e-13
4.890681676983507e-13
6.860780465845199e-14
-6.110763729202287e-13
9.966157108216091e-13
-1.1277160381300092e-12
9.661830782969878e-13
-5.540192044414668e-13
-1.5903870404614039e-15
5.629068682463353e-13
-9.762222433951053e-13
1.1438108133142973e-12
-1.0121717558068823e-12
6.200281286090962e-13
-6.59636488918449e-14
-5.101432766796819e-13
9.529399826555767e-13
-1.1557168343575805e-12
1.0562594810275753e-12
-6.85674906506981e-13
1.351159276521228e-13
4.538723382673225e-13
-9.26327766176946e-13
1.1631135931560622e-12
-1.0988991345535568e-12
7.501406353150903e-13
-2.0597694292679146e-13
-3.9413315209482406e-13
8.960703250841484e-13
-1.1668006855593069e-12
1.1380824245095483e-12
-8.153130729443618e-13
2.7721181738365174e-13
3.317323428969403e-13
-8.597044440000817e-13
1.1693296634302115e-12
-1.172637609763405e-12
8.79572191328256e-13
-3.5098311967597394e-13
-2.673189799756983e-13
8.200646674348115e-13
-1.1651048525048432e-12
1.2076437757526785e-12
-9.403238178542177e-13
4.261899151884337e-13
1.987224983868814e-13
-7.780326078664086e-13
1.1559330090960969e-12
-1.2388645868042489e-12
1.0012305848385513e-12
-5.011570287896684e-13
-1.2770397174262896e-13
7.299026371908321e-13
-1.1452855695270771e-12
1.2645893985755837e-12
-1.0613773789137467e-12
5.770769043773977e-13
5.44850750038361e-14
-6.776021956574141e-13
1.1297860088671571e-12
-1.2875734795195496e-12
1.1188644329283417e-12
-6.543653159960203e-13
2.0752190239697e-14
6.21318734455455e-13
-1.1090545665912018e-12
1.3077632173260147e-12
-1.17402879701445e-12
7.312626205678456e-13
-9.978666127696188e-14
-5.622704782421908e-13
1.082981848631517e-12
-1.3244375786896878e-12
1.2264739047077627e-12
-8.092191344267678e-13
1.797677054905924e-13
4.978640324408745e-13
-1.0531668616705732e-12
1.3364889098696932e-12
-1.2770521134751758e-12
8.860135149510769e-13
-2.634393610944402e-13
-4.309256215183075e-13
1.0176865407899115e-12
-1.3444974793331583e-12
1.3251368502238238e-12
-9.623629914720685e-13
3.48834297246678e-13
3.5944106031685573e-13
-9.77936441993883e-13
1.3477394046802882e-12
-1.37028627873934e-12
1.0384610555563042e-12
-4.355221479248536e-13
-2.832318384835255e-13
9.342201706300805e-13
-1.3454512245395964e-12
1.4131161059933623e-12
-1.1130096082211973e-12
5.247175326660452e-13
2.0400455405181624e-13
-8.846409630931877e-13
1.339215502361201e-12
-1.451776305830713e-12
1.1871320353206202e-12
-6.151026903686343e-13
-1.2094182310239278e-13
8.297630789641506e-13
-1.3283665727603828e-12
1.4865846482802963e-12
-1.2599505436911157e-12
7.070203339373989e-13
3.4251565530997947e-14
-7.699258305105405e-13
1.3120629508193358e-12
-1.5177075453577536e-12
1.3314069502460864e-12
-7.995469223760162e-13
5.699979146170646e-14
7.05743574722817e-13
-1.2899262342307998e-12
1.5448085406125485e-12
-1.4012556235283717e-12
8.928516689106166e-13
-1.5187378336568042e-13
-6.363052989630249e-13
1.2622381394685507e-12
-1.5678795488122681e-12
1.4683531040514305e-12
-9.8790797307765e-13
2.4925336905721904e-13
5.607448916623899e-13
-1.2294840642761018e-12
1.5858949544113098e-12
-1.5334309226342917e-12
1.0833173988355353e-12
-3.502335779185901e-13
-4.800581649477595e-13
1.1906726394012095e-12
-1.5992209785911455e-12
1.5957283949538745e-12
-1.1792284644150075e-12
4.545126559549682e-13
3.941910623348512e-13
-1.1454390547151469e-12
1.607802349278777e-12
-1.654746176423408e-12
1.2756733884149879e-12
-5.615791874851666e-13
-3.0227758851713895e-13
1.09487448977783e-12
-1.6099982713420367e-12
1.7114442828681164e-12
-1.371363108637849e-12
6.722933020345793e-13
2.0561706744579387e-13
-1.0369339776796047e-12
1.6074593429238739e-12
-1.7640222127789599e-12
1.4668096807526727e-12
-7.864729751574871e-13
-1.0410991230768e-13
9.719897770813036e-13
-1.59873212867734e-12
1.8133971160495262e-12
-1.5611529472788946e-12
9.033889003284416e-13
-3.915148542511421e-15
-9.016334413562599e-13
1.5825750455398414e-12
-1.858931149409016e-12
1.6551765386104034e-12
-1.022433892783553e-12
1.1755696408888816e-13
8.235010927059033e-13
-1.5608275748218617e-12
1.8992147944284186e-12
-1.7483870773823839e-12
1.1441262872428056e-12
-2.369155678857407e-13
-7.383509386919534e-13
1.5318538918290566e-12
-1.934682170754787e-12
1.840551064262759e-12
-1.2677823779083449e-12
3.6245981889583233e-13
6.460201157361617e-13
-1.4952184622628212e-12
1.965501877556654e-12
-1.930273672311881e-12
1.394661189601189e-12
-4.930451615534273e-13
-5.453533093991283e-13
1.4512755799732428e-12
-1.9905181890530304e-12
2.018002146474851e-12
-1.5239915996335933e-12
6.291910647283104e-13
4.3639078822258485e-13
-1.3993940561982421e-12
2.009173144602129e-12
-2.1040867701152835e-12
1.6545947583070623e-12
-7.718528317660825e-13
-3.1907000806742453e-13
1.3392775350243039e-12
-2.021247844162869e-12
2.1871522904294405e-12
-1.7876865760260021e-12
9.204144644739172e-13
1.9335505047468708e-13
-1.2696470438386986e-12
2.0265278344885926e-12
-2.2674993669566656e-12
1.922114863897691e-12
-1.0753889984842898e-12
-5.832558638699677e-14
1.1909602297703346e-12
-2.0239400100055573e-12
2.34441955206339e-12
-2.0584869352508296e-12
1.2366638666582746e-12
-8.558769570786641e-14
-1.1007294084266563e-12
2.0148449575936775e-12
-2.4166320445040666e-12
2.196166285625903e-12
-1.4052366495178085e-12
2.392570280941775e-13
1.0004880963300686e-12
-1.9958856820332867e-12
2.484785070686706e-12
-2.3363985429883845e-12
1.5785747327916033e-12
-4.0502527314416127e-13
-8.892802063511224e-13
1.967377922887678e-12
-2.5488029496781055e-12
2.4761132896678892e-12
-1.761114931507093e-12
5.804516891489363e-13
7.653731364221789e-13
-1.9282765378765824e-12
2.607636995460838e-12
-2.6171515194722235e-12
1.9504921811827467e-12
-7.67750397353952e-13
-6.27340231070469e-13
1.879465814507657e-12
-2.658827906716184e-12
2.7602811593159046e-12
-2.146737457574254e-12
9.685768411061226e-13
4.761161283071191e-13
-1.8169187660043727e-12
2.704552683705112e-12
-2.903354643307795e-12
2.3511840572521307e-12
-1.1833148248531113e-12
-3.0940134972287374e-13
1.7409288819508703e-12
-2.742698271266483e-12
3.0463587564670007e-12
-2.565286603190474e-12
1.4116169971757508e-12
1.2444405168991347e-13
-1.650995035308912e-12
2.7712856027131075e-12
-3.1905620265774327e-12
2.7876417264635626e-12
-1.6568086492640753e-12
7.889854574589106e-14
1.544103404893202e-12
-2.7903931982859267e-12
3.3341741065866757e-12
-3.0204804262065313e-12
1.9193195355985425e-12
-3.032852802553846e-13
-1.4183755399857546e-12
2.7986089451088634e-12
-3.476968770275279e-12
3.264201352716519e-12
-2.2014996514942824e-12
5.508591154120813e-13
1.271258998404465e-12
-2.7940625588725963e-12
3.618828577964138e-12
-3.5193379916944793e-12
2.5060773183862655e-12
-8.243105053337283e-13
-1.0996737719942975e-12
2.774556500122577e-12
-3.75887502828522e-12
3.787843540236565e-12
-2.834380595254108e-12
1.128949836277408e-12
9.012019251656194e-13
-2.7366712681357958e-12
3.896747796485806e-12
-4.070203392438642e-12
3.1909936418241436e-12
-1.4678765381726756e-12
-6.701723954194017e-13
2.677317864138203e-12
-4.0312334475839564e-12
4.368101500837636e-12
-3.579358517013368e-12
1.8475989624620775e-12
4.012083316927678e-13
-2.592082481816722e-12
4.160221274506758e-12
-4.683366257170456e-12
4.004957858137662e-12
-2.27430049876042e-12
-8.591235931306943e-14
2.475333545759485e-12
-4.281428754936969e-12
5.017387446372371e-12
-4.474215675848936e-12
2.757006970878753e-12
-2.857922145344513e-13
-2.319601797839004e-12
4.390166084825873e-12
-5.373259586601369e-12
4.993582756008547e-12
-3.308577267125876e-12
7.260587409428219e-13
2.113024623348828e-12
-4.481356389609246e-12
5.75239022179611e-12
-5.5724975271168026e-12
3.944579278144424e-12
-1.252436601405306e-12
-1.8399619945390967e-12
4.546245655682475e-12
-6.155685739006532e-12
6.222834927197395e-12
-4.685179076105483e-12
1.8894594834943702e-12
1.4779216093401268e-12
-4.570987580349943e-12
6.5820943363079414e-12
-6.959225724598551e-12
5.556744848179777e-12
-2.672508663991485e-12
-9.944606475689493e-13
4.532740175879691e-12
-7.025805098499202e-12
7.799359436152139e-12
-6.594984218080916e-12
3.651146225636115e-12
3.3903852693513946e-13
-4.392533591631581e-12
7.47406964877323e-12
-8.758471270291224e-12
7.850736337064457e-12
-4.895829510027927e-12
5.683141132174774e-13
4.0840889376040366e-12
-7.89181603231973e-12
9.849785524425163e-12
-9.386080888212911e-12
6.512572382419424e-12
-1.8556816239884144e-12
-3.4886167305653304e-12
8.199226454036479e-12
-1.1062685489893198e-11
1.127341536094617e-11
-8.654737516933242e-12
3.7295557267502666e-12
2.383667048466709e-12
-8.217653554160043e-12
1.2311726508076881e-11
-1.3562751290975561e-11
1.1521477416326538e-11
-6.521401941953029e-12
-3.612124705246189e-13
7.54468367633963e-12
-1.3296970337839475e-11
1.616007545567653e-11
-1.5113423452377973e-11
1.3806117167510513e-11
4.771084275343138e-11
7.037536486208589e-10
8.417462666741687e-09
8.48730140519386e-08
7.308027424355893e-07
5.361343498132258e-06
3.3521485399250206e-05
0.0001786212006059938
0.0008111563446612713
0.003139336360216906
0.010354587935504388
0.029106467285024445
0.06972810679349423
0.14235999104556668
0.24770212453248341
0.36731038927549886
0.4641927944676607
0.49994850997097307
0.45889556813661636
0.3589749550603113
0.23931842589332525
0.13597210682206537
0.06583930187709518
0.027169541500533967
0.00955522903651046
0.0028639247343150214
0.0007315496132456578
0.00015925302935925346
2.954563792325825e-05
4.671531771569153e-06
6.295097237216841e-07
7.227119072304268e-08
7.0905504880638394e-09
5.816012422187248e-10
4.203232730829139e-11
1.0462325584667023e-11
-1.3567896358615219e-11
1.6060721353095186e-11
-1.461549516561832e-11
9.899873618673025e-12
-3.153611556366704e-12
-3.9647954437217e-12
9.782170904889226e-12
-1.3006329019726199e-11
1.3005188086960766e-11
-9.935299210023022e-12
4.663913503831193e-12
1.4551291580515127e-12
-6.9300539245452496e-12
1.048376795861693e-11
-1.1353719802221513e-11
9.450485225848413e-12
-5.352392825377431e-12
1.4433283376626557e-13
4.870591115722032e-12
-8.482789401782394e-12
9.876159103102456e-12
-8.799558979132083e-12
5.617023638192549e-12
-1.186788588382436e-12
-3.357629072821438e-12
6.898141000057208e-12
-8.605129152639326e-12
8.12532197422344e-12
-5.658502483253966e-12
1.88387946460513e-12
2.2206444571155283e-12
-5.628246255026765e-12
7.520763151836625e-12
-7.480324763041168e-12
5.581569514711924e-12
-2.3588675485073116e-12
-1.3470045772470055e-12
4.593793739986073e-12
-6.5933547402650175e-12
6.881175068064162e-12
-5.441287710202416e-12
2.685549346683264e-12
6.608261265871283e-13
-3.7397174905212605e-12
5.792103433977606e-12
-6.331997101140118e-12
5.2668092571201734e-12
-2.9101331749354642e-12
-1.1255182110320843e-13
3.023949752054686e-12
-5.094368813134276e-12
5.829157950974867e-12
-5.074545462104889e-12
3.062953691447593e-12
-3.3093991462903804e-13
-2.4158268639898173e-12
4.481544298871083e-12
-5.3678658201925166e-12
4.873938949328731e-12
-3.163467527387126e-12
6.934464610936711e-13
1.8931922720002126e-12
-3.938920697814024e-12
4.943119331560317e-12
-4.670412785900609e-12
3.2247695068057916e-12
-9.922577577394915e-13
-1.4398056034242781e-12
3.4548878050953772e-12
-4.550037897062986e-12
4.467662127366152e-12
-3.2552015440805358e-12
1.2408764335924263e-12
1.0444061382760079e-12
-3.0190104222881646e-12
4.18579028916573e-12
-4.266485428758645e-12
3.2618623131647015e-12
-1.44843462939855e-12
-6.973348842309479e-13
2.6243455368140496e-12
-3.846469113999871e-12
4.0681497102592715e-12
-3.2498547873112726e-12
1.621139728155589e-12
3.9028788287492233e-13
-2.2654996540641966e-12
3.5293075266109195e-12
-3.87276415996983e-12
3.222763309167017e-12
-1.7649794907049881e-12
-1.1822101153787697e-13
1.9371845673341407e-12
-3.232019148264504e-12
3.6805918933482025e-12
-3.183669237214068e-12
1.883188949831731e-12
-1.2492886430389674e-13
-1.6368847279982984e-12
2.9517275045062128e-12
-3.492266210635547e-12
3.133921510086145e-12
-1.9804329242941293e-12
3.413270788190133e-13
1.360059753438952e-12
-2.687502221346815e-12
3.3075639475100575e-12
-3.07511049986465e-12
2.059351736258506e-12
-5.343554243632421e-13
-1.1045927234398433e-12
2.4374262512495047e-12
-3.126818823134297e-12
3.008415188228403e-12
-2.1221052412384923e-12
7.069447461551022e-13
8.689185839474241e-13
-2.1998351100886906e-12
2.9501563829200346e-12
-2.93489526160957e-12
2.170657112120229e-12
-8.604617617421449e-13
-6.499167916329341e-13
1.975284574419157e-12
-2.7760070022088654e-12
2.8567322838072838e-12
-2.205252791035978e-12
9.984209327478202e-13
4.481659740101126e-13
-1.7608888991986502e-12
2.605828184171234e-12
-2.773667780687309e-12
2.2281564707611918e-12
-1.1209477108176559e-12
-2.6089759051909246e-13
1.5567984398687523e-12
-2.4398630577549453e-12
2.68505468134991e-12
-2.2419736333415374e-12
1.2283557249922203e-12
8.643484099381762e-14
-1.36334191035182e-12
2.276059281809841e-12
-2.594425312819716e-12
2.244721352018962e-12
-1.323675566663436e-12
7.536999189691005e-14
1.1795666988878342e-12
-2.115417186375549e-12
2.5003532635573358e-12
-2.2390745651825963e-12
1.4074893366730626e-12
-2.23765856375285e-13
-1.002457694103234e-12
1.9598319144623766e-12
-2.40296949018956e-12
2.2255001511823435e-12
-1.4796422961153834e-12
3.6262800248176423e-13
8.356869030949006e-13
-1.8065515869924141e-12
2.302915844577349e-12
-2.205719554811262e-12
1.5407562103209446e-12
-4.906423290792111e-13
-6.762092734120406e-13
1.656866320610707e-12
-2.2018647369720007e-12
2.1776282676026766e-12
-1.5935872398207135e-12
6.0809797200955e-13
5.245718134752029e-13
-1.510360965873832e-12
2.0991685408669957e-12
-2.143745880347508e-12
1.6368571257297416e-12
-7.162731348512138e-13
-3.8017216048941774e-13
1.3678454254278198e-12
-1.994902764598383e-12
2.1039556714210974e-12
-1.6721146376446699e-12
8.150803107156469e-13
2.4325106412895956e-13
-1.2283308806059318e-12
1.8899636379797537e-12
-2.0590865586474543e-12
1.6990176805062453e-12
-9.052309845389157e-13
-1.1283163793369853e-13
1.0932094179950658e-12
-1.7836702955282547e-12
2.0097155296788384e-12
-1.7182198675704324e-12
9.872980005533411e-13
-1.0417376723416639e-14
-9.615303815575289e-13
1.676897699400066e-12
-1.9561798421710232e-12
1.7298640483537387e-12
-1.0619982970772522e-12
1.261779992117898e-13
8.327089547594086e-13
-1.5706889755917418e-12
1.8980972018662953e-12
-1.7350944197095587e-12
1.1287082430761696e-12
-2.358353648640209e-13
-7.081493933869155e-13
1.4642263648408176e-12
-1.836281976484779e-12
1.7342661081392821e-12
-1.187808039463064e-12
3.3909263358539853e-13
5.874311201771118e-13
-1.3576834427502172e-12
1.772003760208683e-12
-1.7263614967636146e-12
1.2405107879419556e-12
-4.3611417782464265e-13
-4.712070656642769e-13
1.251208710275357e-12
-1.7043550645409157e-12
1.713958716804419e-12
-1.2849706260148463e-12
5.278452654740447e-13
3.5901896177864047e-13
-1.1459564342482727e-12
1.6334401035598101e-12
-1.6963343506857913e-12
1.3232649958342821e-12
-6.127837091895849e-13
-2.503568752094371e-13
1.0415335695411647e-12
-1.5608033418539484e-12
1.6727130526647258e-12
-1.356084305477668e-12
6.910893973624424e-13
1.452374766009325e-13
-9.388955952385495e-13
1.48519220319598e-12
-1.6452915843686562e-12
1.3819969355400612e-12
-7.640654175446938e-13
-4.4586057396003567e-14
8.37218460818648e-13
-1.408159680199128e-12
1.613020944941539e-12
-1.4023447121380319e-12
8.31104002381432e-13
-5.184420280313275e-14
-7.36893136071981e-13
1.3297672206323857e-12
-1.5763761309286803e-12
1.4172043948401986e-12
-8.9227070472919e-13
1.4427758515173445e-13
6.384965098790412e-13
-1.2497371009617015e-12
1.536295045564928e-12
-1.4259520869462848e-12
9.486957259234574e-13
-2.3146933679635475e-13
-5.410049212550316e-13
1.1693492947210693e-12
-1.492285853288593e-12
1.4294936172826305e-12
-9.996625896774076e-13
3.1443644009456224e-13
4.4573327514018327e-13
-1.0879789841683881e-12
1.4448240472601805e-12
-1.4285226541201115e-12
1.0444203552513867e-12
-3.9393676455179044e-13
-3.532393434123244e-13
1.0059118265582998e-12
-1.3940388828087515e-12
1.422987496755222e-12
-1.0837967199795095e-12
4.689513896985552e-13
2.6284994720448487e-13
-9.235515995929506e-13
1.3406298461760028e-12
-1.4125194558049635e-12
1.1181972498484848e-12
-5.397089408469675e-13
-1.7533315213016903e-13
8.404248195824071e-13
-1.2854383874771436e-12
1.3967477642520707e-12
-1.1484315023174433e-12
6.052128759932508e-13
8.966793354683956e-14
-7.5815252216956e-13
1.2270852405351909e-12
-1.3776724005158496e-12
1.1728002442041837e-12
-6.671392538121135e-13
-7.292387093913921e-15
6.758954393544614e-13
-1.1666343491468116e-12
1.3549240361694571e-12
-1.1917756877232286e-12
7.252108057576875e-13
-7.1990378801806e-14
-5.943157777437735e-13
1.1040966551669243e-12
-1.3281525209256474e-12
1.2069415105358449e-12
-7.774506973635599e-13
1.4973266618842125e-13
5.144035311896759e-13
-1.0393968360029568e-12
1.2983195332797065e-12
-1.2166333376461522e-12
8.266158621866209e-13
-2.2310783669136407e-13
-4.345289421524357e-13
9.73724290759515e-13
-1.2647253401096908e-12
1.2226503872472928e-12
-8.701478587938883e-13
2.9458523801114535e-13
3.563048353055834e-13
-9.072694630453256e-13
1.226997620549701e-12
-1.2250730344528602e-12
9.093145741228669e-13
-3.6222719400202514e-13
-2.784858934350941e-13
8.407621612423326e-13
-1.1855258949588747e-12
1.2237503002513184e-12
-9.442821599096045e-13
4.260369285384202e-13
2.0189401597014793e-13
-7.725882193582747e-13
1.1435245625449866e-12
-1.2156366218364214e-12
9.769278628943724e-13
-4.861967605979664e-13
-1.2810396663516413e-13
7.023922976129308e-13
-1.0995146234850727e-12
1.2044672805323573e-12
-1.0036845798693225e-12
5.440659759079062e-13
5.552436057693644e-14
-6.344061440938498e-13
1.0496993704965843e-12
-1.1921960154273785e-12
1.0256168046288922e-12
-5.973697459684608e-13
1.6402619556131085e-14
5.661319813304021e-13
-9.997190595464831e-13
1.1735464805817196e-12
-1.0454533377836259e-12
6.46792918599664e-13
-8.519651126769808e-14
-4.965313464690687e-13
9.485909054721705e-13
-1.1514293217538077e-12
1.060846320046245e-12
-6.929062334511389e-13
1.5200532954322207e-13
4.279180476938215e-13
-8.948007144571161e-13
1.1268780433981033e-12
-1.071725175296736e-12
7.356816387790294e-13
-2.164104524536275e-13
-3.5977846052441575e-13
8.39108308350829e-13
-1.0999103200446583e-12
1.0776408113956e-12
-7.761073935791029e-13
2.770851342763663e-13
2.9115134388704015e-13
-7.830748915373111e-13
1.0690429750036829e-12
-1.0806925688342601e-12
8.120265871971624e-13
-3.358530112600278e-13
-2.2368104758228336e-13
7.257043783234795e-13
-1.0356428740633594e-12
1.0796863261969652e-12
-8.44557031532123e-13
3.921603202325258e-13
1.5796189438194837e-13
-6.662846955519973e-13
1.0005361236494458e-12
-1.0746462953923745e-12
8.734594287072967e-13
-4.4567311213808757e-13
-9.285435404666423e-14
6.072402735269066e-13
-9.614710501412459e-13
1.0675833597381093e-12
-8.976366201533997e-13
4.970127193612299e-13
2.940817635737418e-14
-5.472817902133495e-13
9.205917690202213e-13
-1.0565686938951341e-12
9.18681819079883e-13
-5.45277912538419e-13
3.2255198219035977e-14
4.861450015599115e-13
-8.786343282180806e-13
1.0413330083772618e-12
-9.36940241620223e-13
5.897861283947473e-13
-9.339311637184842e-14
-4.262446228156905e-13
8.331913895004361e-13
-1.0242560183385946e-12
9.507986701838459e-13
-6.317340582164774e-13
1.523592630201305e-13
3.656100962166299e-13
-7.869640989042699e-13
1.00323617564494e-12
-9.616893842212137e-13
6.706126395029844e-13
-2.0906391337556554e-13
-3.0465590378975887e-13
7.394607126552633e-13
-9.792823989233582e-13
9.690184276344617e-13
-7.063941975920714e-13
2.640446400856855e-13
2.447460062777799e-13
-6.894537906990566e-13
9.538437665750017e-13
-9.718924293673412e-13
7.396962490541599e-13
-3.1654387214566304e-13
-1.8492316146053456e-13
6.389415399459098e-13
-9.24791030689697e-13
9.72409969493715e-13
-7.691251064853577e-13
3.671380656899894e-13
1.2572489707304846e-13
-5.87667501467104e-13
8.927279488563089e-13
-9.70529104131479e-13
7.943020698640557e-13
-4.1641505781758736e-13
-6.809269572076882e-14
5.350510717805606e-13
-8.588557789219672e-13
9.645830954720797e-13
-8.174356374082703e-13
4.623115583933524e-13
1.1144947811847494e-14
-4.811734777981913e-13
8.239218769051648e-13
-9.545396157523145e-13
8.378718725776668e-13
-5.056621354276869e-13
4.463324241449351e-14
4.2698364375454156e-13
-7.863477393104529e-13
9.422172785912564e-13
-8.546025181738106e-13
5.465326406500423e-13
-9.943416922497282e-14
-3.728588372772855e-13
7.466649025394651e-13
-9.270154914180299e-13
8.682746122649673e-13
-5.845490440589435e-13
1.531913564957982e-13
3.192253086661699e-13
-7.04262480110413e-13
9.102045661778208e-13
-8.776248019404623e-13
6.209366767725177e-13
-2.0430359190668344e-13
-2.642268562862073e-13
6.618331726979338e-13
-8.893117972173965e-13
8.846588283976942e-13
-6.544796714129386e-13
2.5333153543666276e-13
2.0883490249590242e-13
-6.184536389952644e-13
8.653711427997202e-13
-8.894378289436844e-13
6.839641700229215e-13
-3.020847461066012e-13
-1.5518749479914717e-13
5.726781895920574e-13
-8.399077874171601e-13
8.901287909882094e-13
-7.11696001610973e-13
3.480284365819236e-13
1.014146923448804e-13
-5.261912342072227e-13
8.116245733793463e-13
-8.888045498428674e-13
7.352896102718355e-13
-3.9306656793174985e-13
-4.881453311073437e-14
4.786208117744635e-13
-7.813441629789711e-13
8.839235630696189e-13
-7.568274753080738e-13
4.355965376793537e-13
-2.6018183396703008e-15
-4.2929343218326253e-13
7.499100431059729e-13
-8.758408445714336e-13
7.753303355927559e-13
-4.759277519601388e-13
5.3701990289924504e-14
3.803355938353812e-13
-7.157961520716456e-13
8.650022628701818e-13
-7.914515931075195e-13
5.134893751190519e-13
-1.0380470255618167e-13
-3.3058417381530417e-13
6.802909242832089e-13
-8.512126197027366e-13
8.048672132701049e-13
-5.482096025271984e-13
1.537454820374724e-13
2.819676747571294e-13
-6.416075816232355e-13
8.361658880583648e-13
-8.142343473720395e-13
5.815524289773356e-13
-2.014240173826228e-13
-2.32429264554595e-13
6.018705366640809e-13
-8.184910603875035e-13
8.204448619510825e-13
-6.129542451899673e-13
2.4697850124684317e-13
1.8211750018387937e-13
-5.616530126728885e-13
7.974192743417816e-13
-8.2463904768013e-13
6.414267329137435e-13
-2.9080122405046884e-13
-1.31353931946095e-13
5.20949267867783e-13
-7.733748338318238e-13
8.266774559388644e-13
-6.663484957515758e-13
3.34381686090126e-13
8.24711390692106e-14
-4.779443252917905e-13
7.476533452477428e-13
-8.258767206417858e-13
6.885219528415303e-13
-3.7639114438684544e-13
-3.452871080297942e-14
4.330365744077304e-13
-7.213027276901601e-13
8.206481363102429e-13
-7.097984790726325e-13
4.1476756486373935e-13
-1.476647639889846e-14
-3.8943989012358066e-13
6.910466364139708e-13
-8.140469353401598e-13
7.277629635662475e-13
-4.514720492305739e-13
6.303192525103395e-14
3.448853731697295e-13
-6.588562987595732e-13
8.05689251915622e-13
-7.412408742306237e-13
4.886261025222719e-13
-1.077169031740886e-13
-2.9739483669092464e-13
6.269205476149934e-13
-7.931414050952327e-13
7.535700023666448e-13
-5.21968498096284e-13
1.5329773811245673e-13
2.513776568982538e-13
-5.921595635318767e-13
7.781985057073513e-13
-7.642381956748522e-13
5.515194374502205e-13
-1.991240803859419e-13
-2.059293939237497e-13
5.555227944675188e-13
-7.61453950685407e-13
7.710277971107251e-13
-5.805827288592331e-13
2.4189586980302646e-13
1.590813238075697e-13
-5.182441879974253e-13
7.420832270859621e-13
-7.753004482603382e-13
6.07119987760948e-13
-2.8360035113952073e-13
-1.127541574085261e-13
4.791725274690999e-13
-7.211684995409006e-13
7.763025999304847e-13
-6.317455798144482e-13
3.2358894238531833e-13
6.655249722387128e-14
-4.391845077131257e-13
6.976885020347936e-13
-7.753088357150535e-13
6.534140176425561e-13
-3.622461599744063e-13
-2.0624377276965055e-14
3.9845252850177807e-13
-6.721287379586115e-13
7.715549890146504e-13
-6.72939341469559e-13
3.9903311412906375e-13
-2.4739672011770726e-14
-3.56730725375421e-13
6.446943454034396e-13
-7.654062370200506e-13
6.897575374594441e-13
-4.3408396227692364e-13
6.97313107330789e-14
3.1490357218960636e-13
-6.147414984715188e-13
7.575107491665811e-13
-7.033261801764072e-13
4.681898687412919e-13
-1.128214493991125e-13
-2.7124549557677477e-13
5.842651121843123e-13
-7.463086910526407e-13
7.150099687053405e-13
-4.997829109772197e-13
1.556603749809424e-13
2.278454715897886e-13
-5.517942421640904e-13
7.32717953464792e-13
-7.245687177945158e-13
5.288101671349248e-13
-1.9800110429066863e-13
-1.8463934145491684e-13
5.173527640787139e-13
-7.173210986698393e-13
7.313737454028272e-13
-5.556513494661689e-13
2.3942020117937216e-13
1.4125152214282355e-13
-4.821739472205116e-13
6.986771600375134e-13
-7.367468171034288e-13
5.79346450785802e-13
-2.8070612014757365e-13
-9.953894401384264e-14
4.433922767433602e-13
-6.807931032817646e-13
7.366682238567111e-13
-6.036611509880612e-13
3.1781356496244193e-13
5.494557135115925e-14
-4.065387531571409e-13
6.58469436946048e-13
-7.350956123191876e-13
6.265059036769246e-13
-3.5133980419541007e-13
-8.022313715163784e-15
3.711804606902612e-13
-6.319051856133335e-13
7.337020785395016e-13
-6.435800989876237e-13
3.87525283612916e-13
-3.415401515341487e-14
-3.3128818113386226e-13
6.061871433244565e-13
-7.28111838915186e-13
6.594410606656075e-13
-4.21505511397112e-13
7.575565914772778e-14
2.9011377076528704e-13
-5.795335697164817e-13
7.194040500344567e-13
-6.733807271061914e-13
4.5356231576184115e-13
-1.1692996605240486e-13
-2.4883864550211495e-13
5.506245208696774e-13
-7.088802573170511e-13
6.848429964601336e-13
-4.833812471187928e-13
1.5812650574662955e-13
2.0819157870909255e-13
-5.189676640274284e-13
6.973095418365585e-13
-6.926961587860623e-13
5.124990860779311e-13
-1.9733138719297748e-13
-1.663191694662897e-13
4.865578097995074e-13
-6.831375762424579e-13
6.982517971771643e-13
-5.398459759027515e-13
2.3498556377092217e-13
1.2337044856485614e-13
-4.541631197237436e-13
6.651025166964966e-13
-7.033107354653801e-13
5.633879235819607e-13
-2.7293324914688213e-13
-8.135107988357202e-14
4.1997141577100615e-13
-6.453006073856201e-13
7.059757583500174e-13
-5.845748824695041e-13
3.101546004421266e-13
4.017330456752999e-14
-3.8385707747956867e-13
6.243201730329281e-13
-7.055193053768948e-13
6.042859230811485e-13
-3.455758056927703e-13
8.868259961867728e-16
3.464525631201737e-13
-6.020424422071374e-13
7.021027003889285e-13
-6.221843119967156e-13
3.79466084922632e-13
-4.164516924093752e-14
-3.085608659803633e-13
5.771211664154306e-13
-6.975654330387513e-13
6.365773208894216e-13
-4.1296078093776763e-13
8.100188058752691e-14
2.6909558617565114e-13
-5.513766693067421e-13
6.898175161447302e-13
-6.495842216292194e-13
4.440622427820324e-13
-1.2045116914634879e-13
-2.296666173681825e-13
5.235723794348136e-13
-6.796485381141902e-13
6.614367450543633e-13
-4.713787360464686e-13
1.616502906870857e-13
1.9196836088158105e-13
-4.928195719205325e-13
6.680161821198066e-13
-6.70556421012827e-13
4.977135508330794e-13
-2.0071801910645188e-13
-1.5234045077291546e-13
4.618729511966828e-13
-6.540787097719876e-13
6.761354985832795e-13
-5.244796849268595e-13
2.363011618972834e-13
1.1061919044532048e-13
-4.305458485779524e-13
6.37591267560249e-13
-6.802291175622702e-13
5.477607291696578e-13
-2.7279881511801647e-13
-7.043527010862916e-14
3.9730034146003724e-13
-6.189374085556564e-13
6.825541851454459e-13
-5.685927734524251e-13
3.084962875091162e-13
3.079367758340684e-14
-3.622156649820721e-13
5.992085015647529e-13
-6.819613946856118e-13
5.875759286994652e-13
-3.430719194209638e-13
8.493497862650416e-15
3.2601283020511413e-13
-5.777983393846177e-13
6.786718184184343e-13
-6.051418290485713e-13
3.755535127747047e-13
-4.802597123248296e-14
-2.8923805481686423e-13
5.54518037153397e-13
-6.730752412829367e-13
6.209286797111979e-13
-4.0587152635022375e-13
8.809262005023117e-14
2.5273833036183646e-13
-5.286744780622837e-13
6.659933969133065e-13
-6.338315566866108e-13
4.353812684018519e-13
-1.270681661501852e-13
-2.1546795805784293e-13
5.008778951852735e-13
-6.574426955025917e-13
6.437607228463413e-13
-4.638674840306384e-13
1.6505672284831888e-13
1.7761262124628547e-13
-4.714722542862071e-13
6.469624637701746e-13
-6.512727428747651e-13
4.908078230321323e-13
-2.0207663020751792e-13
-1.38900151724216e-13
4.4173735155336106e-13
-6.326655513663792e-13
6.585449897852139e-13
-5.143495257991671e-13
2.390225886736536e-13
1.0003662366306501e-13
-4.106965066578194e-13
6.16991225927564e-13
-6.620849244982813e-13
5.379671395025153e-13
-2.7338686408296966e-13
-6.033047362696326e-14
3.784065925161493e-13
-5.995428041358242e-13
6.635517413937568e-13
-5.590804976661589e-13
3.073018937354364e-13
2.0896195292656568e-14
-3.4531605121948973e-13
5.794930322098505e-13
-6.636647239554869e-13
5.773244852324017e-13
-3.4097994042916317e-13
1.7389081334517083e-14
3.1019041839254706e-13
-5.585877407372521e-13
6.606837385438315e-13
-5.944448772640927e-13
3.72288987905553e-13
-5.6738959907949e-14
-2.7568152956225344e-13
5.344348327017563e-13
-6.569342732398226e-13
6.08076747018173e-13
-4.03740738865987e-13
9.411097725221293e-14
2.3892560162575095e-13
-5.098216763347691e-13
6.500204880030842e-13
-6.206007773948342e-13
4.3261709184836566e-13
-1.3208252509108016e-13
-2.0227068907240602e-13
4.83480968991844e-13
-6.405803551763645e-13
6.316073330918408e-13
-4.593975367788979e-13
1.6980657251240305e-13
1.6543662267893465e-13
-4.550903078424808e-13
6.298213348448251e-13
-6.396203899632543e-13
4.852533040029242e-13
-2.0620309167021918e-13
-1.2755101825812862e-13
4.2615319269088467e-13
-6.160925858484475e-13
6.461290333052596e-13
-5.092603217142437e-13
2.41501755305933e-13
8.919020431645912e-14
-3.9561683333184606e-13
6.01212145173403e-13
-6.493897323667017e-13
5.32202201071727e-13
-2.7558449776178567e-13
-5.0531345034263894e-14
3.643713612339112e-13
-5.83156502231237e-13
6.522455567745944e-13
-5.516514758458952e-13
3.096837568141064e-13
1.2297570924819862e-14
-3.3176744153883156e-13
5.63802361434549e-13
-6.519796806452967e-13
5.699751568193326e-13
-3.4253804189812553e-13
2.5148998698409675e-14
2.9709149968608673e-13
-5.435184947425909e-13
6.490582120889882e-13
-5.86632937838345e-13
3.7368913356410047e-13
-6.31587065765899e-14
-2.62479237133926e-13
5.206429494115446e-13
-6.445289143000215e-13
6.010657587105678e-13
-4.0345140492391605e-13
1.0098039062840037e-13
2.271354870167593e-13
-4.962329510483178e-13
6.37601622349804e-13
-6.136820323238873e-13
4.316869937770892e-13
-1.3834249637457383e-13
-1.9108930298549087e-13
4.703086901735494e-13
-6.284532839874731e-13
6.243642959965508e-13
-4.583435041440136e-13
1.74925058578913e-13
1.5403762328745044e-13
-4.433680477305113e-13
6.170221391754253e-13
-6.328521466341208e-13
4.835947543788553e-13
-2.1086554721680315e-13
-1.1688985232684516e-13
4.145538588780232e-13
-6.038345546330413e-13
6.392435452416945e-13
-5.068828290269293e-13
2.4637276754888374e-13
7.976703045245721e-14
-3.840862036664244e-13
5.891351504305421e-13
-6.428087570427867e-13
5.291957074343613e-13
-2.8034181939849873e-13
-4.216528882137268e-14
3.5227393684075273e-13
-5.7299086539876e-13
6.435652184844491e-13
-5.503671522256274e-13
3.1268761395161896e-13
3.915192300616493e-15
-3.2001630289388044e-13
5.540947319169352e-13
-6.432693359377245e-13
5.684534649882995e-13
-3.4504198348021226e-13
3.355146990113111e-14
2.865376010145002e-13
-5.330917394743867e-13
6.413900791508167e-13
-5.841044777911383e-13
3.763910502528656e-13
-7.09618943303278e-14
-2.523413262397435e-13
5.104925723721094e-13
