-9.436252506375004e-13
9.317930270685143e-13
-6.756170059171729e-13
2.524819546143031e-13
2.407319677801001e-13
-6.655360941174027e-13
9.192039490679704e-13
-9.35741826905978e-13
7.087744020167763e-13
-3.023093927967402e-13
-1.824031377328783e-13
6.178835654929715e-13
-8.922763786514687e-13
9.365576890407734e-13
-7.382887703966112e-13
3.5114459625597283e-13
1.2561294642247575e-13
-5.686980495355452e-13
8.627018472154562e-13
-9.348073882053801e-13
7.642355664721547e-13
-3.980282963411175e-13
-6.942475608284574e-14
5.188552456730361e-13
-8.304009398336133e-13
9.30742055524306e-13
-7.858347080740534e-13
4.443589537955325e-13
1.5894505149983296e-14
-4.665860361674703e-13
7.9754040842419e-13
-9.218436449667786e-13
8.065758398499842e-13
-4.860748915457187e-13
3.833706355843569e-14
4.143784924567906e-13
-7.630002315725526e-13
9.092243017511104e-13
-8.250028264711329e-13
5.247156875665127e-13
-9.239397441573871e-14
-3.633499751076741e-13
7.244231256531286e-13
-8.960410538549901e-13
8.384378261117043e-13
-5.624225044020825e-13
1.436303333213207e-13
3.104454627395059e-13
-6.856739297438769e-13
8.78982637001445e-13
-8.494238603782515e-13
5.970034020499849e-13
-1.9457701225289762e-13
-2.592033559477532e-13
6.434908333945441e-13
-8.60519339140361e-13
8.569768330744779e-13
-6.291513667040319e-13
2.4335358405378363e-13
2.0685086199990416e-13
-6.009158966607572e-13
8.395343797229599e-13
-8.603600181195626e-13
6.601934075062351e-13
-2.895035267819635e-13
-1.546535353924905e-13
5.568611771738878e-13
-8.156858483955883e-13
8.620567427799647e-13
-6.871477553164738e-13
3.3447018629781435e-13
1.0237472955150548e-13
-5.125728492950467e-13
7.890746950689834e-13
-8.605676836757144e-13
7.11992320563362e-13
-3.770481668866819e-13
-5.03418437185092e-14
4.67796927366244e-13
-7.591416178963984e-13
8.58108156868549e-13
-7.318220147080741e-13
4.1983308587533973e-13
8.628514016839908e-16
-4.2059416688699995e-13
7.286300981939162e-13
-8.515296438429954e-13
7.49827676849223e-13
-4.601158278564698e-13
4.7646331159754925e-14
3.720946498047611e-13
-6.971161403234507e-13
8.411051232222939e-13
-7.663052471180764e-13
4.968295404292876e-13
-9.65942003286648e-14
-3.2406757117366137e-13
6.636309993529557e-13
-8.273638699796945e-13
7.810716979462196e-13
-5.302523822013832e-13
1.4537751479360146e-13
2.7688132223042663e-13
-6.266529144021888e-13
8.133608273578811e-13
-7.909087128563512e-13
5.626553305633116e-13
-1.9257783501317452e-13
-2.29625355614495e-13
5.878765398948181e-13
-7.973350094363806e-13
7.968764836920878e-13
-5.946060477010694e-13
2.359778666125709e-13
1.7972097495877519e-13
-5.503201530192873e-13
7.761162085550971e-13
-8.03186103122416e-13
6.210268454486487e-13
-2.803748425793548e-13
-1.3134740750036383e-13
5.10874415067452e-13
-7.529770493794962e-13
8.062613880285093e-13
-6.452445824352542e-13
3.238579024338107e-13
8.527664586620175e-14
-4.669880676696675e-13
7.316422913213343e-13
-8.027361564078425e-13
6.702771589692604e-13
-3.6296186810807803e-13
-3.7272965295914087e-14
4.245041249188394e-13
-7.054840575886056e-13
7.994159319388915e-13
-6.903862763100571e-13
4.0128804960473326e-13
-1.0990895141929944e-14
-3.8332621360286155e-13
6.749783412531653e-13
-7.951141144243709e-13
7.071667916637393e-13
-4.383670084357044e-13
5.72491353471545e-14
3.3913396585686266e-13
-6.453723824861638e-13
7.858528427334562e-13
-7.228664835729276e-13
4.727780905050848e-13
-1.0297593146626714e-13
-2.946287233999244e-13
6.136604510837495e-13
-7.746252367330409e-13
7.352096994579284e-13
-5.061082576308666e-13
1.4676848188229811e-13
2.4890501994282307e-13
-5.807967683158667e-13
7.60766929349425e-13
-7.451068740267072e-13
5.368746125273028e-13
-1.9031484518378809e-13
-2.038366773603554e-13
5.458032396597121e-13
-7.446447026772154e-13
7.5268191362191e-13
-5.652090447561982e-13
2.325600811045765e-13
1.5821065013965717e-13
-5.098491115571987e-13
7.261415044984831e-13
-7.574333994163455e-13
5.915273513704416e-13
-2.7358635407225455e-13
-1.1298441247973449e-13
4.723682480153026e-13
-7.053172354421821e-13
7.602848082035704e-13
-6.145537938957819e-13
3.1428069863963646e-13
6.898174039817325e-14
-4.325394787121168e-13
6.839305450002496e-13
-7.587060329710839e-13
6.371390381895923e-13
-3.5191315834003243e-13
-2.4197457411260993e-14
3.92576804921698e-13
-6.596253594317756e-13
7.556274452013657e-13
-6.565026455747165e-13
3.8820762143259313e-13
-2.0523052959860886e-14
-3.5251683469712504e-13
6.326115024993893e-13
-7.507678682739838e-13
6.727374483824924e-13
-4.235750833890802e-13
6.410475990218074e-14
3.116479151191137e-13
-6.034873334121179e-13
7.436596742652147e-13
-6.870528502743876e-13
4.558282125399026e-13
-1.0862651300371474e-13
-2.7173946471105277e-13
5.711636195824868e-13
-7.36184534549302e-13
6.958401329594825e-13
-4.902625787862943e-13
1.4786469439022035e-13
2.2706261204655118e-13
-5.414316540183052e-13
7.220005783646554e-13
-7.067884593902309e-13
5.185338226216306e-13
-1.8876353254345462e-13
-1.8215345376363752e-13
5.12584001918895e-13
-7.018254045915631e-13
7.191479657687061e-13
-5.413098264136924e-13
2.3216941256236184e-13
1.4163524577737967e-13
-4.765154383217761e-13
6.860190494280957e-13
-7.229402227079193e-13
5.667801610567718e-13
-2.710889420339261e-13
-9.895303465520938e-14
4.404316904609289e-13
-6.677137394081458e-13
7.237828825473934e-13
-5.91232890720554e-13
3.074838998601536e-13
5.549990169713335e-14
-4.0366812260603113e-13
6.471062099690182e-13
-7.2268273815196e-13
6.126729864264419e-13
-3.4335980726832966e-13
-1.2716127650924794e-14
3.661759071216023e-13
-6.235798180451079e-13
7.206533471686224e-13
-6.301410180845303e-13
3.795598443129388e-13
-2.7835808118980377e-14
-3.2599160526247077e-13
5.999127806281508e-13
-7.14735085755065e-13
6.465600796747491e-13
-4.133596012276217e-13
6.828077906163051e-14
2.8500201186207184e-13
-5.750049741388752e-13
7.054222418671169e-13
-6.62350737157474e-13
4.431499573947661e-13
-1.1087448490208134e-13
-2.4620537465163254e-13
5.460292477224765e-13
-6.956104140360933e-13
6.746394246481422e-13
-4.718342484896766e-13
1.5250768192110823e-13
2.0714394133050783e-13
-5.148727124551224e-13
6.845204872012893e-13
-6.834472874837875e-13
4.999092807279346e-13
-1.9210800919661337e-13
-1.6665929979080905e-13
4.831066711224976e-13
-6.7083551147746e-13
6.896929943927278e-13
-5.26824060895803e-13
2.2975373091086417e-13
1.2519625471912958e-13
-4.5032073223708583e-13
6.549856953500322e-13
-6.938504014653155e-13
5.508755821568013e-13
-2.6790180072730757e-13
-8.56035951341344e-14
4.1444110288108767e-13
-6.38640663279321e-13
6.943329631496022e-13
-5.741953810381666e-13
3.03454695716457e-13
4.467901340802278e-14
-3.786710231281647e-13
6.192388295816518e-13
-6.935036750586053e-13
5.946045647579846e-13
-3.3794898400126624e-13
-2.931748986752489e-15
3.4440736086390807e-13
-5.943975435689525e-13
6.939571006534963e-13
-6.1011312540068e-13
3.7261902972298483e-13
-3.7677516567312276e-14
-3.0834511813914227e-13
5.693213179424423e-13
-6.898630308355689e-13
6.257045426481345e-13
-4.046451524587549e-13
7.706675334790613e-14
2.68756574258706e-13
-5.463505490917917e-13
6.800808413117504e-13
-6.41166244842369e-13
4.3419604603002915e-13
-1.1673891330560833e-13
-2.30335019724582e-13
5.189654927615698e-13
-6.709172497203493e-13
6.526083596290075e-13
-4.624131610770543e-13
1.5636368628523192e-13
1.922067843924324e-13
-4.894413541227053e-13
6.601907920490782e-13
-6.608557273092291e-13
4.901629607184949e-13
-1.9403524244210631e-13
-1.5309130539412884e-13
4.584605635211132e-13
-6.476291906896717e-13
6.666059074236901e-13
-5.162942607053976e-13
2.3037220392528524e-13
1.1287054114267593e-13
-4.272793808883385e-13
6.320229250793971e-13
-6.706902305974632e-13
5.402789365294701e-13
-2.6571849751658736e-13
-7.223638303987913e-14
3.956404019384957e-13
-6.131403840238104e-13
6.740284625187455e-13
-5.609154511496819e-13
3.0112384553436574e-13
3.2681458386099875e-14
-3.617862287164436e-13
5.933406461250427e-13
-6.745327878141705e-13
5.79380384592968e-13
-3.361586813627414e-13
5.567095188661646e-15
3.2586406210323534e-13
-5.723683404559765e-13
6.724912940578994e-13
-5.957747447990039e-13
3.701181704796512e-13
-4.323946786197155e-14
-2.8877550750588245e-13
5.498515134813409e-13
-6.677822868025589e-13
6.11228302556671e-13
-4.005198092176611e-13
8.343794987225828e-14
2.537466794559845e-13
-5.237918577842581e-13
6.614140598020618e-13
-6.246436178717297e-13
4.2980755700914255e-13
-1.214696353029583e-13
-2.153401177007289e-13
4.98905988436028e-13
-6.511559636358142e-13
6.363065303145933e-13
-4.578190319707396e-13
1.5882061346086103e-13
1.7702909089845457e-13
-4.714713535025244e-13
6.395214865112402e-13
-6.458256528663338e-13
4.833633396828411e-13
-1.9666174239832578e-13
-1.396590674359922e-13
4.411993364232965e-13
-6.27289754191177e-13
6.515661859770992e-13
-5.087173570323328e-13
2.3226160866841437e-13
1.0070467774842859e-13
-4.1106280025047797e-13
6.11239851414527e-13
-6.57239066854432e-13
5.299830629163482e-13
-2.6909727425876416e-13
-6.371693127732049e-14
3.774845897258927e-13
-5.956125557822952e-13
6.58346988994776e-13
-5.514169472792958e-13
3.0326095612518964e-13
2.524236426570522e-14
-3.44356804746601e-13
5.763904273681373e-13
-6.586535597932811e-13
5.702633315049188e-13
-3.3601454952625624e-13
1.397173668577638e-14
3.111099688059979e-13
-5.546771880548627e-13
6.572464710585668e-13
-5.864772583314519e-13
3.685284976857407e-13
-5.172148508675141e-14
-2.757943933223566e-13
5.321715496677496e-13
-6.527628079532667e-13
6.017999398857382e-13
-3.9829942741883616e-13
9.037018648254347e-14
2.4026651348098587e-13
-5.081650817405829e-13
6.45649917057077e-13
-6.150304341197497e-13
4.27537597400835e-13
-1.270702477958033e-13
-2.0269459462931707e-13
4.832947713755601e-13
-6.362202613390547e-13
6.265637651372783e-13
-4.539381629149247e-13
1.6549349918237148e-13
1.6723773718466375e-13
-4.54805360120831e-13
6.257533822134919e-13
-6.355406192361159e-13
4.793054001981498e-13
-2.0207103174434074e-13
-1.2993649798354425e-13
4.2562971460106997e-13
-6.137372575335728e-13
6.409221788100506e-13
-5.045398655066271e-13
2.368308383216846e-13
9.182457537452553e-14
-3.9563746562407484e-13
5.98800240588009e-13
-6.454765340643463e-13
5.266389669415696e-13
-2.7176490294167847e-13
-5.4105238118011895e-14
3.6432766324284594e-13
-5.817278355208182e-13
6.480302007661682e-13
-5.469769131631636e-13
3.0535930615045805e-13
1.5909912196729283e-14
-3.321140442823929e-13
5.627270800854092e-13
-6.483429970318079e-13
5.65532611814278e-13
-3.376934472115846e-13
2.246288752590305e-14
2.9911488358031654e-13
-5.420091646407933e-13
6.459672537657689e-13
-5.829007247971227e-13
3.682707364478055e-13
-6.071817964521966e-14
-2.649095987492691e-13
5.196816976711815e-13
-6.417303445981244e-13
5.976330642492978e-13
-3.981445777789391e-13
9.850166800363953e-14
2.3018262603621743e-13
-4.951680704049017e-13
6.358590720410368e-13
-6.098836143692883e-13
4.272193836582232e-13
-1.3498542489258102e-13
-1.9365250653135018e-13
4.701462749450747e-13
-6.271739966025103e-13
6.201628820886246e-13
-4.552923570196416e-13
1.700572133818349e-13
1.5552924599853178e-13
-4.445730712520775e-13
6.155321553491457e-13
-6.292728657420315e-13
4.806543472286152e-13
-2.0598509756934715e-13
-1.1872758791971062e-13
4.157776212580113e-13
-6.032635742145729e-13
6.355663757598949e-13
-5.042758145259214e-13
2.418610882934437e-13
8.244797018904683e-14
-3.8510124206678576e-13
5.890151849148581e-13
-6.400401614454013e-13
5.260698990184921e-13
-2.7623660081820895e-13
-4.4544192084388965e-14
3.548595984734169e-13
-5.716717438275459e-13
6.424790483902542e-13
-5.469617997575526e-13
3.0844579225058707e-13
5.8015441093899005e-15
-3.2334264389241585e-13
5.532305299635332e-13
-6.419495469055236e-13
5.661457088725064e-13
-3.4035030653176146e-13
3.156535362952573e-14
2.895411774922474e-13
-5.334811368704062e-13
6.396840522560066e-13
-5.823778959079817e-13
3.7218535545169296e-13
-6.807792177210281e-14
-2.545975583134741e-13
5.119479059428889e-13
-6.352082488475519e-13
5.970999519475106e-13
-4.019924042079903e-13
1.0522257300497537e-13
2.1965900777985714e-13
-4.880255211788518e-13
6.292462188775926e-13
-6.092001069269643e-13
4.309222260420121e-13
-1.4177814893980605e-13
-1.8411603229537107e-13
4.622851129163171e-13
-6.210166025425131e-13
6.201050709074692e-13
-4.570630914245332e-13
1.7899958401499045e-13
1.482978795780453e-13
-4.355944790523751e-13
6.098259104723308e-13
-6.293510634511335e-13
4.820154692053435e-13
-2.1497907620737777e-13
-1.1182027526146499e-13
4.0677183843484954e-13
-5.979661210631093e-13
6.34936547783127e-13
-5.067890551657683e-13
2.489120021209601e-13
7.37188088351104e-14
-3.7780889527994077e-13
5.832001548355947e-13
-6.389611062473932e-13
5.296388327913348e-13
-2.8205562885297297e-13
-3.5258254649228604e-14
3.478584607863322e-13
-5.657775680248389e-13
6.41849800305655e-13
-5.495019451398284e-13
3.155657455654391e-13
-1.9573354870973804e-15
-3.1522774995861994e-13
5.481116141428977e-13
-6.4124992301626e-13
5.681495454183668e-13
-3.482660600557599e-13
3.8567072595303397e-14
2.8129787734757857e-13
-5.280850401111497e-13
6.394323082900145e-13
-5.8438645896188e-13
3.7938428404010544e-13
-7.626928326784836e-14
-2.4773201596273935e-13
5.054987051061042e-13
-6.356025361621619e-13
5.988725490496237e-13
-4.0919539678443804e-13
1.1348331653501362e-13
2.1275723295797712e-13
-4.818475627490105e-13
6.28983710967306e-13
-6.12096830757715e-13
4.3682620800461275e-13
-1.5124452216890757e-13
-1.778044488035871e-13
4.561481141953096e-13
-6.203195964819664e-13
6.233110010529879e-13
-4.632768819491256e-13
1.877807615821319e-13
1.4108883264587586e-13
-4.2989557811608457e-13
6.092650162126204e-13
-6.318390422923833e-13
4.895046721728265e-13
-2.2241516213027512e-13
-1.0319077541566081e-13
4.019444375401711e-13
-5.969883319846886e-13
6.375131632582992e-13
-5.141722597303736e-13
2.5716770025922993e-13
6.607564278555847e-14
-3.7182336960785016e-13
5.824736565325121e-13
-6.423405775850541e-13
5.354390597896715e-13
-2.9248577588378077e-13
-2.92770458186153e-14
3.4052411146243096e-13
-5.657270420838407e-13
6.44926646388786e-13
-5.555946031759098e-13
3.259949732211557e-13
-8.389727029432269e-15
-3.0804497223185625e-13
5.478326117685912e-13
-6.43885234732867e-13
5.757091098254186e-13
-3.5672156316951124e-13
4.7539007082828755e-14
2.7561124459151045e-13
-5.271545029365374e-13
6.415970905858071e-13
-5.929686418738145e-13
3.8734105191211204e-13
-8.575542188859164e-14
-2.4174602565830287e-13
5.044820592478716e-13
-6.379280275517086e-13
6.071747292607139e-13
-4.178552225822533e-13
1.2290423186397282e-13
2.064181567086989e-13
-4.805609951750744e-13
6.316057984155412e-13
-6.198768607101492e-13
4.467932177119679e-13
-1.5951151070932286e-13
-1.696839032032791e-13
4.555956103921296e-13
-6.229128234654703e-13
6.303474453443008e-13
-4.745865338685551e-13
1.957873081250086e-13
1.328848018991179e-13
-4.282698620523758e-13
6.126098882406284e-13
-6.386772205920329e-13
5.006336182113076e-13
-2.3173924006417704e-13
-9.565657036237237e-14
3.9935978108510177e-13
-6.002823916692331e-13
6.44955721609994e-13
-5.248275540987754e-13
2.6742713142514576e-13
5.832413223160758e-14
-3.6898237928073587e-13
5.857383682138577e-13
-6.492584747578288e-13
5.474778568089739e-13
-3.017126000040103e-13
-1.954034101497651e-14
3.3867846872181815e-13
-5.678618760153744e-13
6.522801309309767e-13
-5.678918300880474e-13
3.356297443333654e-13
-1.834413067432416e-14
-3.0554757369793195e-13
5.494301610158842e-13
-6.527520119436879e-13
5.856394961860141e-13
-3.699849680129072e-13
5.517740584807513e-14
2.707552809420037e-13
-5.295604089814285e-13
6.498808713988092e-13
-6.036484954477727e-13
4.005218073642422e-13
-9.418950471194524e-14
-2.3609610118000156e-13
5.074889112283124e-13
-6.450443346280097e-13
6.189346221757784e-13
-4.312774204254512e-13
1.3156880978690367e-13
1.9972171963011034e-13
-4.835740046130595e-13
6.38513673074622e-13
-6.320570256235105e-13
4.60076259245445e-13
-1.699076551140832e-13
-1.6388152288499528e-13
4.568471709909377e-13
-6.306940658496214e-13
6.421615037827323e-13
-4.886459388326565e-13
2.0662029901231682e-13
1.2638121154418816e-13
-4.2907805077588816e-13
6.202575676883551e-13
-6.50831379996566e-13
5.147867914946792e-13
-2.435929209469778e-13
-8.843653689839452e-14
4.0050964831163074e-13
-6.062342514458854e-13
6.590275579393053e-13
-5.378186939655374e-13
2.813341079613031e-13
5.1657517488330033e-14
-3.6840175773089375e-13
5.924716774822361e-13
-6.626996934724175e-13
5.61324629652655e-13
-3.1620897257955435e-13
-1.2335451549259128e-14
3.371628929368747e-13
-5.745587756403715e-13
6.659115437795507e-13
-5.816557451967866e-13
3.5150545038269784e-13
-2.580490538113578e-14
-3.0308284894008143e-13
5.562160925780195e-13
-6.654379807801086e-13
6.015141545699891e-13
-3.8448536250372106e-13
6.523680333719758e-14
2.6851864263636153e-13
-5.35962599405332e-13
6.619268514507979e-13
-6.205019309472511e-13
4.1579153024571475e-13
-1.0451579936655074e-13
-2.325918029642336e-13
5.132788417226436e-13
-6.580577266136417e-13
6.34662901049969e-13
-4.4854318786923683e-13
1.421723088538417e-13
1.954196043771108e-13
-4.886666037346834e-13
6.512923525818161e-13
-6.487518812260489e-13
4.771117472817908e-13
-1.823944896088101e-13
-1.5940097726608397e-13
4.612194023012992e-13
-6.427100400756103e-13
6.605044856042007e-13
-5.045568005672543e-13
2.2188954807858557e-13
1.2237708360337636e-13
-4.3209904104434553e-13
6.322461791293382e-13
-6.693962414572028e-13
5.31540177461711e-13
-2.597474260603557e-13
-8.395376778046336e-14
4.013993515657157e-13
-6.202296695099943e-13
6.750430173961332e-13
-5.58029356487341e-13
2.958964904650816e-13
4.3785471646319366e-14
-3.7061143670816116e-13
6.045358423167216e-13
-6.797198235137034e-13
5.820778158682379e-13
-3.3154080193752546e-13
-3.1877977684426567e-15
3.386533045423598e-13
-5.860896905194225e-13
6.831297618222133e-13
-6.032522263624304e-13
3.6712764702471204e-13
-3.7294378461461307e-14
-3.0515201741378294e-13
5.658076984852809e-13
-6.839896315921338e-13
6.225122018216903e-13
-4.023884532824007e-13
7.674653813308687e-14
2.691354533630387e-13
-5.443872156386876e-13
6.819609705312676e-13
-6.404305896171377e-13
4.3577017734042734e-13
-1.1676269768955585e-13
-2.315046490498181e-13
5.229048170523561e-13
-6.747591476103741e-13
6.590442484050838e-13
-4.662566022292408e-13
1.5745347863907295e-13
1.9378365519926777e-13
-4.97290248442272e-13
6.687559982682699e-13
-6.7181268451653e-13
4.979687088937753e-13
-1.973661653244286e-13
-1.5647779328560795e-13
4.674879885629314e-13
-6.627222464335865e-13
6.808817194872798e-13
-5.291969566130711e-13
2.3605833498086593e-13
1.1663677576734023e-13
-4.38783594665442e-13
6.507196670532722e-13
-6.912222721173445e-13
5.565328938058101e-13
-2.750750057550757e-13
-7.574949066536036e-14
4.092685090770421e-13
-6.353951124010767e-13
7.004520500311066e-13
-5.809307145813663e-13
3.149004166373538e-13
3.5698382325290786e-14
-3.768005479742041e-13
6.192044246933628e-13
-7.057581485727586e-13
6.055268483077845e-13
-3.5205285713873694e-13
6.35183901992006e-15
3.436404329380885e-13
-6.005449014582076e-13
7.088213793998124e-13
-6.279142619906053e-13
3.891405059639807e-13
-4.773776003029302e-14
-3.0829691010413966e-13
5.798840295937315e-13
-7.099700852314703e-13
6.475249839124611e-13
-4.2633886899168924e-13
8.81689059580951e-14
2.7041274964639637e-13
-5.582002591207033e-13
7.078419271150801e-13
-6.656957871615292e-13
4.622700700338076e-13
-1.2839926323974243e-13
-2.305943849531778e-13
5.356589078758109e-13
-7.014596534124301e-13
6.842317550108772e-13
-4.941936217905119e-13
1.7128055103616465e-13
1.918786798755001e-13
-5.095299710457807e-13
6.936336979987215e-13
-7.001977155129352e-13
5.247427332840272e-13
-2.1445986488796935e-13
-1.5306136934349355e-13
4.801179888442481e-13
-6.850049829769375e-13
7.121587085607321e-13
-5.557084293227672e-13
2.5541623754765516e-13
1.1148666672474284e-13
-4.505679312338554e-13
6.725194713051952e-13
-7.227749743768674e-13
5.849430671291388e-13
-2.9539628345015423e-13
-6.824058635890592e-14
4.1999102815246155e-13
-6.572016724275906e-13
7.313307247607683e-13
-6.119912356629486e-13
3.35759578229694e-13
2.560956103254391e-14
-3.8657661631222444e-13
6.399577561548525e-13
-7.37949063311073e-13
6.359739831620716e-13
-3.775983360065609e-13
1.413302716260544e-14
3.4661828638044624e-13
-6.26548526270988e-13
7.356532770818961e-13
-6.637839875478918e-13
4.1422007517689495e-13
-5.773763597381993e-14
-3.0854929604623453e-13
6.069861940280263e-13
-7.345281492489853e-13
6.875213835188961e-13
-4.49446492618647e-13
1.0448620836710902e-13
2.733880978419142e-13
-5.80534223069484e-13
7.352557701017026e-13
-7.049904051229481e-13
4.879256375050594e-13
-1.4690802077667418e-13
-2.3288565937500076e-13
5.548101238744949e-13
-7.315653295169976e-13
7.21791899462656e-13
-5.236236011152165e-13
1.9096763864916318e-13
1.9238519662160667e-13
-5.265180743499682e-13
7.251235772921171e-13
-7.3664094549424e-13
5.581107706111859e-13
-2.3428632720769084e-13
-1.499975210983855e-13
4.968433646813356e-13
-7.154450932101539e-13
7.499754161225847e-13
-5.903886630637259e-13
2.776088760487139e-13
1.0621590111415188e-13
-4.660500580018265e-13
7.022034418914645e-13
-7.61869321751853e-13
6.201763831139979e-13
-3.21688442948027e-13
-6.320204559200525e-14
4.3136234819669733e-13
-6.883324353727411e-13
7.697219064616199e-13
-6.494811009765847e-13
3.6410910261105966e-13
1.834779723276769e-14
-3.9577677064019833e-13
6.71340593607418e-13
-7.75237086746664e-13
6.77256261149608e-13
-4.054989518566334e-13
2.720132564825321e-14
3.5822655788040864e-13
-6.520308372346397e-13
7.783437778011507e-13
-7.026381771710323e-13
4.464777550340499e-13
-7.314441145055918e-14
-3.1923768455660294e-13
6.300229176991671e-13
-7.787070962267128e-13
7.2664411472016e-13
-4.855723772975439e-13
1.2021584409388498e-13
2.790731808041805e-13
-6.054478992683998e-13
7.766572788576124e-13
-7.479933132699915e-13
5.24396801899595e-13
-1.6650294766274972e-13
-2.3650571106292547e-13
5.792271908682908e-13
-7.714482987077054e-13
7.674236289801387e-13
-5.617361281350508e-13
2.1315156438339458e-13
1.9332490625613886e-13
-5.490793822972052e-13
7.660201346035001e-13
-7.817856811677781e-13
5.999298837042099e-13
-2.5850778545979084e-13
-1.4832447259645303e-13
5.174891778486446e-13
-7.56181139651809e-13
7.961157626757344e-13
-6.345856975583783e-13
3.042392504938988e-13
1.0100575544243652e-13
-4.86174456525601e-13
7.407522905065866e-13
-8.106587132587959e-13
6.652083898134482e-13
-3.519849151406172e-13
-5.5469228272694475e-14
4.4931406804274135e-13
-7.265849645962326e-13
8.186528647633031e-13
-6.972967906651163e-13
3.9728149178824904e-13
8.502142880874444e-15
-4.10103220949855e-13
7.102019743171319e-13
-8.236410568851256e-13
7.281594802774421e-13
-4.4039362962487906e-13
4.174124547323703e-14
3.7205709392133884e-13
-6.880719014468642e-13
8.287072861803636e-13
-7.543765367857288e-13
4.853333059236878e-13
-9.013232613490601e-14
-3.303301084278773e-13
6.642764119680052e-13
-8.305877427860427e-13
7.78741371970213e-13
-5.291728661456789e-13
1.38567644467464e-13
2.8546660015129767e-13
-6.400438649658134e-13
8.274178266309965e-13
-8.025888739437247e-13
5.70791899775546e-13
-1.8820383887432317e-13
-2.399707002616286e-13
6.121838958083358e-13
-8.219777463816327e-13
8.243655725498404e-13
-6.100977876009703e-13
2.394381080125102e-13
1.943618605903391e-13
-5.805226091504245e-13
8.147845462561087e-13
-8.427537639098259e-13
6.486112645240349e-13
-2.9057767476914353e-13
-1.4782738835122933e-13
5.453439349406564e-13
-8.06072222858667e-13
8.570726593715161e-13
-6.872516878503321e-13
3.396351125686814e-13
9.775470363737604e-14
-5.10028217576286e-13
7.92601309021132e-13
-8.698358263596433e-13
7.237324007778288e-13
-3.8871353306838864e-13
-4.706005321826576e-14
4.717075292558333e-13
-7.764538175247367e-13
8.803854133384916e-13
-7.575180466677024e-13
4.3769386462115295e-13
-5.362012060631628e-15
-4.3252473262307737e-13
7.561965737095869e-13
-8.884590581283132e-13
7.895621852089934e-13
-4.861963225017114e-13
5.763711148316086e-14
3.895888010119067e-13
-7.340790776351296e-13
8.93788840682086e-13
-8.184059983526448e-13
5.350575668292001e-13
-1.1008576862592268e-13
-3.4435345200312106e-13
7.096302712117364e-13
-8.948163390809505e-13
8.46907613483161e-13
-5.812598666277147e-13
1.6420979159770255e-13
2.977366617140653e-13
-6.815407613269819e-13
8.940534944323897e-13
-8.71482790446021e-13
6.280186602963117e-13
-2.172463462379523e-13
-2.475521652630427e-13
6.526535784929415e-13
-8.879362646272083e-13
8.956863639699344e-13
-6.719657241061788e-13
2.7150639423445406e-13
1.962681042318407e-13
-6.201783398067904e-13
8.794864662112192e-13
-9.17026137857327e-13
7.137377608276854e-13
-3.276938148505923e-13
-1.4562429215977112e-13
5.827727984784018e-13
-8.696807130212785e-13
9.34067116088096e-13
-7.555843866348731e-13
3.8205179224736694e-13
9.179233422700857e-14
-5.438787875532172e-13
8.559745171957767e-13
-9.486724009759778e-13
7.954771998606306e-13
-4.3625909557075164e-13
-3.6294399969897427e-14
5.028792921006738e-13
-8.384750481200141e-13
9.604978709211728e-13
-8.339736149854352e-13
4.891199609141404e-13
-2.1486873373543757e-14
-4.598803756935491e-13
8.177482585221192e-13
-9.6923891155121e-13
8.699772345430174e-13
-5.426879374553315e-13
7.868237634444929e-14
4.1309171642412235e-13
-7.93918846889656e-13
9.759568513362495e-13
-9.020536252011455e-13
5.970844831827243e-13
-1.358711545097518e-13
-3.6321989788026293e-13
7.677579695588489e-13
-9.78130380364698e-13
9.333822792181287e-13
-6.491408235995129e-13
1.9493167596636124e-13
3.11638809361699e-13
-7.381343257267279e-13
9.768211237313264e-13
-9.629807741595704e-13
6.988265371382873e-13
-2.5615225811727134e-13
-2.5907607397993136e-13
7.045608106284489e-13
-9.726741221924962e-13
9.891768503884536e-13
-7.486202398481035e-13
3.1604887415548677e-13
2.026061987758666e-13
-6.691643240171437e-13
9.644279461483102e-13
-1.0126751031734866e-12
7.97180591221778e-13
-3.761908830270412e-13
-1.4440736247537803e-13
6.299942973703919e-13
-9.533986085675155e-13
1.0329788736603667e-12
-8.436274174875938e-13
4.377176053286328e-13
8.587541543649421e-14
-5.86431937775378e-13
9.39693434095247e-13
-1.049566287011041e-12
8.893411007349925e-13
-4.974853411043528e-13
-2.332549017459913e-14
5.421322683471945e-13
-9.205423993562215e-13
1.0643218613466367e-12
-9.319380181160384e-13
5.583971039632166e-13
-3.926350514923993e-14
-4.9343548145282e-13
8.986238346483546e-13
-1.075695718870385e-12
9.718501275046559e-13
-6.197417841394345e-13
1.0251895610869278e-13
4.412718256922604e-13
-8.735294603379521e-13
1.0829193028918299e-12
-1.0108147099136454e-12
6.784804111586262e-13
-1.6939235225106025e-13
-3.882474711021553e-13
8.436154111780729e-13
-1.0869195651599783e-12
1.047333686696553e-12
-7.367770319847619e-13
2.3631141487497886e-13
3.30865818222591e-13
-8.114598630893249e-13
1.0866194077981745e-12
-1.0810559351775173e-12
7.946571405173958e-13
-3.0373264564696877e-13
-2.7050023896033244e-13
7.760392625533644e-13
-1.0817881388061753e-12
1.1131246040095476e-12
-8.499883880813786e-13
3.733516839847741e-13
2.0900420122001509e-13
-7.353238282902003e-13
1.074998467878059e-12
-1.140250412378915e-12
9.057130797858028e-13
-4.4231663240435614e-13
-1.4434655025434694e-13
6.911982412160459e-13
-1.0643064984580997e-12
1.1639302412863764e-12
-9.605547087531607e-13
5.105739896773268e-13
7.595525321906998e-14
-6.446953531907482e-13
1.0489596251297084e-12
-1.184157772431254e-12
1.0142084392824856e-12
-5.787818384028492e-13
-6.0542032362711025e-15
5.927284086728095e-13
-1.0315468431267876e-12
1.2003895092785514e-12
-1.0638774959212757e-12
6.509703260432221e-13
-6.221550298786598e-14
-5.358007721312039e-13
1.0087074923686064e-12
-1.2150704816861646e-12
1.1110791757509391e-12
-7.202131526916495e-13
1.3737327919311986e-13
4.799565780752627e-13
-9.79553436193251e-13
1.2251039596372616e-12
-1.1583728055337353e-12
7.870944236380783e-13
-2.1440005464640411e-13
-4.1883131407664017e-13
9.483172665706557e-13
-1.2305663342238074e-12
1.2011090896658854e-12
-8.572988084239818e-13
2.8915418705119033e-13
3.5207703532619733e-13
-9.129838169578225e-13
1.2327217032645981e-12
-1.240540715109848e-12
9.264111853363158e-13
-3.6639767980625197e-13
-2.8327347935564144e-13
8.719223454572518e-13
-1.2318080486745657e-12
1.2765500823178814e-12
-9.938359703937254e-13
4.463417364342865e-13
2.122680798530889e-13
-8.267247661104413e-13
1.2249297770303786e-12
-1.3114285153596827e-12
1.0584981460113172e-12
-5.282022541215096e-13
-1.386519028767924e-13
7.760172539392508e-13
-1.2153749166298255e-12
1.34075670754205e-12
-1.1234416932346379e-12
6.099671146640654e-13
6.119862763935955e-14
-7.220376103397486e-13
1.1992502213120256e-12
-1.3687562652781638e-12
1.184856199213956e-12
-6.933036255385477e-13
1.9272088016543214e-14
6.63848103830555e-13
-1.1785479743244844e-12
1.3921828135320218e-12
-1.245316892856681e-12
7.765029806924047e-13
-1.0283821707647047e-13
-6.009380335703795e-13
1.1536558072972813e-12
-1.4104733725239484e-12
1.3049780854701491e-12
-8.586455389530528e-13
1.9045642594619181e-13
5.346938147192276e-13
-1.1226586868645315e-12
1.4257038435529162e-12
-1.360947851661106e-12
9.422433319179513e-13
-2.794228910548663e-13
-4.629254588506885e-13
1.0872959514979642e-12
-1.4361510436122971e-12
1.4141125085021424e-12
-1.0262564338645225e-12
3.704020208351558e-13
3.8655597773721983e-13
-1.0465163009668055e-12
1.4421472817114276e-12
-1.4644203423759564e-12
1.109607043682487e-12
-4.641563956436105e-13
-3.0578853251153905e-13
1.0009924442252174e-12
-1.442068725708233e-12
1.5129347265418194e-12
-1.1913703190483432e-12
5.605266487727906e-13
2.2048848052916393e-13
-9.503577286909747e-13
1.436665335961402e-12
-1.5580526822501265e-12
1.2723910582698294e-12
-6.59213370007229e-13
-1.3160965218982605e-13
8.928799511776566e-13
-1.4274275374761775e-12
1.598097212845824e-12
-1.3534855127968924e-12
7.589829637046494e-13
3.782362413393504e-14
-8.301291244945101e-13
1.4123174683863896e-12
-1.6345126383997328e-12
1.432980006994768e-12
-8.607747874827585e-13
5.997572273797154e-14
7.613385707923347e-13
-1.3915460354189467e-12
1.6668542210150422e-12
-1.5105231758850373e-12
9.647054945387695e-13
-1.6141087131642424e-13
-6.861190933830416e-13
1.3653240930252353e-12
-1.693893533172776e-12
1.587344919173162e-12
-1.0685551102692454e-12
2.684819475972375e-13
6.060359122911742e-13
-1.3320100113769023e-12
1.7170616896126428e-12
-1.6608251170982184e-12
1.1750680808674712e-12
-3.784462151109127e-13
-5.193082541890526e-13
1.291838079086513e-12
-1.736094674378705e-12
1.7310355713718753e-12
-1.2826974173749115e-12
4.931942539418332e-13
4.272981383199012e-13
-1.2445869135062742e-12
1.7488349672749029e-12
-1.8004555715661993e-12
1.3890469085622179e-12
-6.131039011955951e-13
-3.2868821069963954e-13
1.1913398312277402e-12
-1.7552712094702098e-12
1.8662599635061725e-12
-1.4974156729486068e-12
7.355621924840255e-13
2.2281325127410265e-13
-1.130949568515558e-12
1.7556426443776708e-12
-1.9289440391635866e-12
1.6056556416320567e-12
-8.622357135645141e-13
-1.1007420655025895e-13
1.0637160087081125e-12
-1.748772723268209e-12
1.9884995758174895e-12
-1.7135431477400119e-12
9.934695426531978e-13
-8.412414325686052e-15
-9.873758749258506e-13
1.7362846402020765e-12
-2.0429828066054296e-12
1.821998507890182e-12
-1.128112653568972e-12
1.3396174857536902e-13
9.026328676366995e-13
-1.7169609468050487e-12
2.0925947753879505e-12
-1.9303351941168254e-12
1.2662551010607815e-12
-2.673516998075694e-13
-8.105364019442323e-13
1.6888458570046794e-12
-2.137703256819608e-12
2.0383662238862487e-12
-1.4077652780950355e-12
4.0782469428335717e-13
7.087300218228393e-13
-1.653121738763093e-12
2.177641747760982e-12
-2.1447368782217063e-12
1.5536173161653422e-12
-5.559526763116483e-13
-5.982244374010141e-13
1.6081334674406077e-12
-2.211747298987061e-12
2.250528750102006e-12
-1.7024719326187652e-12
7.121371827990589e-13
4.77597582862921e-13
-1.5542045870868744e-12
2.2398956694364257e-12
-2.353181927476451e-12
1.857423260452616e-12
-8.744298573000857e-13
-3.461457921956535e-13
1.4894378154224987e-12
-2.2620519107263555e-12
2.4544211410905578e-12
-2.0144392368751426e-12
1.0463557226307303e-12
2.029710278159532e-13
-1.4166593576875183e-12
2.2738372228034735e-12
-2.5549615932074254e-12
2.174908359246538e-12
-1.2275058632806516e-12
-4.9979607600775974e-14
1.3293193902924802e-12
-2.2802946133524322e-12
2.6515341174606575e-12
-2.338945028940658e-12
1.4184653112710463e-12
-1.1549997044635896e-13
-1.2303104727926743e-12
2.2772749992234605e-12
-2.7443744354752376e-12
2.5085971998412016e-12
-1.6167742977664878e-12
2.9648554460401085e-13
1.1194081386658938e-12
-2.263180420532675e-12
2.835127391490856e-12
-2.6800099790612367e-12
1.8276969161358774e-12
-4.902993129835851e-13
-9.933563758201278e-13
2.2379417901288833e-12
-2.922060401806733e-12
2.8552505779538728e-12
-2.0496899216077286e-12
6.99309327681713e-13
8.501170237584897e-13
-2.2023232284599423e-12
3.00236186534933e-12
-3.036025161545928e-12
2.282277667757321e-12
-9.26820822604144e-13
-6.90763800140872e-13
2.1517755691889546e-12
-3.0779684880931568e-12
3.2202924984340668e-12
-2.528336038300513e-12
1.1724479786864255e-12
5.110161148875369e-13
-2.086775484444522e-12
3.1466537096998767e-12
-3.4086641366685277e-12
2.7890245909762495e-12
-1.438317901985845e-12
-3.089949792765857e-13
2.0044963795278026e-12
-3.207904070921617e-12
3.6008966547990663e-12
-3.0657287726972166e-12
1.7272326361950903e-12
8.24912388993165e-14
-1.9017880676959465e-12
3.2608961996499497e-12
-3.79679539605806e-12
3.360094447402607e-12
-2.0420589927558823e-12
1.727084216425339e-13
1.7773071899769596e-12
-3.3014602480482024e-12
3.998636933049622e-12
-3.6726815070813855e-12
2.387209604596027e-12
-4.59911804797429e-13
-1.625611620831981e-12
3.3294193193718035e-12
-4.204437718522918e-12
4.006896411680726e-12
-2.7669206743508757e-12
7.844896463921926e-13
1.4424207119438873e-12
-3.3405977310115606e-12
4.415031049237498e-12
-4.365346288185849e-12
3.186168831943183e-12
-1.1536251203695724e-12
-1.2211841330696227e-12
3.332081757886866e-12
-4.6284146731357566e-12
4.752259955960045e-12
-3.651811944480997e-12
1.5753031003541803e-12
9.53054318603737e-13
-3.2985942369181237e-12
4.843288640011236e-12
-5.172226413608776e-12
4.17125103181036e-12
-2.0623301021514045e-12
-6.288563791639391e-13
3.2306640479334163e-12
-5.059099429512423e-12
5.628554755825457e-12
-4.7564420005050004e-12
2.628686143382686e-12
2.334566173516689e-13
-3.117067551315493e-12
5.27234149350017e-12
-6.126257048622066e-12
5.421423710308121e-12
-3.2938820034846793e-12
2.540622979148121e-13
2.941893738602168e-12
-5.475993948815656e-12
6.6708077136358024e-12
-6.184104814559776e-12
4.084289913476444e-12
-8.635322081111912e-13
-2.681614176414517e-12
5.656409564692818e-12
-7.268370557451893e-12
7.06654981643684e-12
-5.035849397419648e-12
1.6391318747879782e-12
2.3000320837820847e-12
-5.7906589166976206e-12
7.92062458630015e-12
-8.096590809770922e-12
6.2010173914970885e-12
-2.6413830761829583e-12
-1.7334793197555683e-12
5.840402493383853e-12
-8.61834920189732e-12
9.307647914121725e-12
-7.649778868083074e-12
3.9675394588635504e-12
8.838315821400877e-13
-5.726802658392177e-12
9.329690774280419e-12
-1.0731529814095309e-11
9.476320444491704e-12
-5.7650425232258495e-12
4.177847304220883e-13
5.2975735777283095e-12
-9.964830609970887e-12
1.23685844552468e-11
-1.179775092723101e-11
8.252366455116511e-12
-2.461078324640653e-12
-4.252405502377932e-12
1.0283205175234695e-11
-1.4112880372533273e-11
1.4694574532434803e-11
-1.1716811710444994e-11
5.720150758534034e-12
2.043958413851796e-12
-8.931281720568558e-12
2.905122744686999e-11
1.85380279183326e-10
2.6197311479522895e-09
2.8392919984359863e-08
2.6410508018104646e-07
2.0928288764965517e-06
1.4133606239078737e-05
8.134604690915046e-05
0.00039900736093944787
0.0016679661193350508
0.005942308707366823
0.01804200930961803
0.04668488528281447
0.10295072051396352
0.1934836121253683
0.3098993632539768
0.4230180342154388
0.4921061389725141
0.48788827855294864
0.4122338850261532
0.2968442846123547
0.18216938713326944
0.09527606326068991
0.04246722789591495
0.016131907465634775
0.005222509434715529
0.0014409020191566558
0.0003388061891361098
6.789379912930419e-05
1.159496911727153e-05
1.6876228736108721e-06
2.09329006746069e-07
2.2123102633296463e-08
2.0068216747179083e-09
1.3592023094107601e-10
2.710215676700022e-11
-1.2620478819085825e-11
6.534329702654423e-12
1.2846425465756105e-12
-8.355418275468068e-12
1.3121473349561426e-11
-1.4596459751365588e-11
1.2597483695225438e-11
-7.761608321521739e-12
1.3540607010313537e-12
5.0427626486744e-12
-9.925739486293567e-12
1.2207760201020578e-11
-1.14711964087189e-11
8.027936127663868e-12
-2.8243740063151147e-12
-2.8151850116018977e-12
7.517631106092774e-12
-1.0189220670675517e-11
1.0275885340975634e-11
-7.86154240553677e-12
3.6401360670660705e-12
1.2922842595023298e-12
-5.702057870612813e-12
8.537718372688585e-12
-9.165318740896182e-12
7.517260577587817e-12
-4.0856226992936625e-12
-2.225382289158363e-13
4.312368968346509e-12
-7.185964046358418e-12
8.17786519637225e-12
-7.108545286989563e-12
4.315587389850633e-12
-5.48301679869047e-13
-3.22623019299048e-12
6.069876248788238e-12
-7.310491142470481e-12
6.685186864302567e-12
-4.417344166617302e-12
1.1150332528029728e-12
2.3599032986980237e-12
-5.137476741809609e-12
6.547252097875688e-12
-6.2722333996712375e-12
4.436667254728801e-12
-1.5411365062010223e-12
-1.6578456636103716e-12
4.348393829762027e-12
-5.872399674601937e-12
5.877971919375179e-12
-4.4041747823008166e-12
1.864597929443735e-12
1.0799357023381672e-12
-3.671982524366945e-12
5.272967227243802e-12
-5.5040448790954754e-12
4.338417660248658e-12
-2.1115624420507702e-12
-5.980015990819273e-13
3.0858963037003447e-12
-4.736940525895405e-12
5.150397289189458e-12
-4.250786985763626e-12
2.3000401661599007e-12
1.9172203250140817e-13
-2.573346332790752e-12
4.254164335942794e-12
-4.816257604420229e-12
4.1483912527608496e-12
-2.442565817932118e-12
1.5448856727836836e-13
2.122555633108476e-12
-3.815203593459015e-12
4.501675246600918e-12
-4.0341797325703815e-12
2.550266806543959e-12
-4.500886193131993e-13
-1.7223978238119436e-12
3.414096598102178e-12
-4.204821624723111e-12
3.9117015527055495e-12
-2.6293157011498387e-12
7.04199985860056e-13
1.3650537755618447e-12
-3.046520263218117e-12
3.92267751691113e-12
-3.784235609835978e-12
2.6846548083295095e-12
-9.228148820990867e-13
-1.0439562802178383e-12
2.7078285259565065e-12
-3.654905938272708e-12
3.65222973036713e-12
-2.72075265385623e-12
1.111043598481836e-12
7.539546435950727e-13
-2.3956153588038783e-12
3.398268256942902e-12
-3.5189381639494136e-12
2.7391046018731264e-12
-1.2738861783585917e-12
-4.919474595529488e-13
2.1054719075115078e-12
-3.1539309829950995e-12
3.382827821452667e-12
-2.7437981798431577e-12
1.4139258770769555e-12
2.546297795257892e-13
-1.8350501142539072e-12
2.9205894528060094e-12
-3.245139660150811e-12
2.736051503013794e-12
-1.5344608570741952e-12
-3.9697023681116525e-14
1.5823044022319938e-12
-2.6970259801361094e-12
3.1071167985151122e-12
-2.7167118831256318e-12
1.638134969311279e-12
-1.5496290240469208e-13
-1.345533696921802e-12
2.483178785413193e-12
-2.9676028343284983e-12
2.6892898987408664e-12
-1.7244459607784086e-12
3.333189011285023e-13
1.125235085165569e-12
-2.2761923116027174e-12
2.829831329143759e-12
-2.651740635375691e-12
1.7976017895754191e-12
-4.951042288039383e-13
-9.188793027283099e-13
2.077283049780252e-12
-2.6918182675705327e-12
2.6069246014791134e-12
-1.8584403154121856e-12
6.40359329956741e-13
7.231756435333596e-13
-1.8879289848533082e-12
2.552780029873354e-12
-2.5566341680878233e-12
1.9058961843628355e-12
-7.741214213791047e-13
-5.419100784511692e-13
1.7040063642871163e-12
-2.4148311604376856e-12
2.5009064167759915e-12
-1.9418908424280666e-12
8.950897023216102e-13
3.7130863617228543e-13
-1.527044385716216e-12
2.2791816640727383e-12
-2.43690554436536e-12
1.9709201713613205e-12
-1.00252526140064e-12
-2.1103691431121269e-13
1.3570311175535353e-12
-2.1428029461351628e-12
2.3710660711618404e-12
-1.9882497660648835e-12
1.099384214770531e-12
5.947653430486189e-14
-1.1950111575132177e-12
2.0072967932638853e-12
-2.2999751360443904e-12
1.997876686437216e-12
-1.1864318829644448e-12
8.043388115499319e-14
1.0368728410208824e-12
-1.8745806830383306e-12
2.2248140588462192e-12
-1.9992030542644044e-12
1.2639051903147123e-12
-2.1155386246193402e-13
-8.855353042332066e-13
1.7427578776992724e-12
-2.146222938295191e-12
1.993775613057377e-12
-1.3314561839998558e-12
3.3395083762803e-13
7.395757098654479e-13
-1.6132642646139222e-12
2.064572094611205e-12
-1.9808391028106496e-12
1.3909754469893308e-12
-4.477998985157803e-13
-5.99896123158374e-13
1.485242114951308e-12
-1.9798163229619375e-12
1.9626499173948024e-12
-1.4410198554834788e-12
5.542442998352492e-13
4.662743416386751e-13
-1.3589134634846542e-12
1.893173360328358e-12
-1.9381112563210525e-12
1.483311080859586e-12
-6.530509650641645e-13
-3.3883322475098524e-13
1.2339157866443766e-12
-1.805568001530817e-12
1.906799837946703e-12
-1.5193340116968781e-12
7.433243491972838e-13
2.1640554074112783e-13
-1.1115882791223504e-12
1.7156914085689656e-12
-1.871120202702838e-12
1.547547526399349e-12
-8.264303669977079e-13
-9.921522617516786e-14
9.921169480356404e-13
-1.6241908532654684e-12
1.830669722522782e-12
-1.568727967991888e-12
9.033683332071993e-13
-1.0915690591981897e-14
-8.737191678213145e-13
1.5320561547401634e-12
-1.7864178948509105e-12
1.5824774306864465e-12
-9.73521786237689e-13
1.1681567969720517e-13
7.600467377563772e-13
-1.4372303878072147e-12
1.7388144768343601e-12
-1.590481021315085e-12
1.036048768338661e-12
-2.1786706242457422e-13
-6.488927550438848e-13
1.342742443600196e-12
-1.686497297282345e-12
1.5928982583299968e-12
-1.0926809618051264e-12
3.122370662905184e-13
5.391861358841991e-13
-1.2490658100752613e-12
1.6298522395287485e-12
-1.5905622193706346e-12
1.1418635523580799e-12
-4.026425638262858e-13
-4.338293409325668e-13
1.1542503510726893e-12
-1.5707791887867366e-12
1.582380778483219e-12
-1.185454963655642e-12
4.871465861255212e-13
3.3100652093186924e-13
-1.0599433422798114e-12
1.5087441460464295e-12
-1.568988202909448e-12
1.2233567952672444e-12
-5.660752947111017e-13
-2.311288194139043e-13
9.66262947031168e-13
-1.4438311559761325e-12
1.5511126973470286e-12
-1.2550489863195085e-12
6.403496671021846e-13
1.3539533857561388e-13
-8.720247289339814e-13
1.3780112672100747e-12
-1.527208932158204e-12
1.2823708453654339e-12
-7.087022606680344e-13
-4.287106804482591e-14
7.785143029885793e-13
-1.3101432152492852e-12
1.4992645128396534e-12
-1.3039015894776952e-12
7.720314342294597e-13
-4.662372915927272e-14
-6.870596667007653e-13
1.2391340482730045e-12
-1.468389223442285e-12
1.3196200293803555e-12
-8.301763184092902e-13
1.3293566892742682e-13
5.970793486443793e-13
-1.166643918709446e-12
1.4334086518998288e-12
-1.3304435229946647e-12
8.834393328731632e-13
-2.151331535537352e-13
-5.08029090637314e-13
1.092946425680829e-12
-1.395274795688847e-12
1.3355113373269696e-12
-9.32866191387893e-13
2.9228435323865325e-13
4.19156026791284e-13
-1.0195234579151508e-12
1.3526205576014355e-12
-1.33691803141577e-12
9.762349466349396e-13
-3.66941723491908e-13
-3.333922462860546e-13
9.43959099023946e-13
-1.3079192569335871e-12
1.3330878212956098e-12
-1.015002103171169e-12
4.379828824306127e-13
2.5019757975078775e-13
-8.669112446767022e-13
1.2609860220429414e-12
-1.324769788100603e-12
1.0486963202656872e-12
-5.051741506499275e-13
-1.6816883214081204e-13
7.913902921392868e-13
-1.2091730347765142e-12
1.3140468559520969e-12
-1.076641177562209e-12
5.691145543700427e-13
8.935653016706791e-14
-7.139846078944783e-13
1.1570406069718532e-12
-1.297561309051562e-12
1.1009455379378513e-12
-6.285539789579123e-13
-1.2042295886142312e-14
6.382563066989739e-13
-1.1006676981862299e-12
1.2786664741573706e-12
-1.1206704385832772e-12
6.828272614320357e-13
-6.422074861655641e-14
-5.633839084574217e-13
1.0428503565669085e-12
-1.2549027549160711e-12
1.1373738934468153e-12
-7.31801764866651e-13
1.388455577861239e-13
4.892330720271138e-13
-9.838571312427246e-13
1.2268982159729167e-12
-1.1493356198363758e-12
7.791644723650593e-13
-2.0680179931912435e-13
-4.119942660243198e-13
9.25026276331548e-13
-1.1964758117001137e-12
1.1548189168171642e-12
-8.241926409324901e-13
2.7224093693808617e-13
3.377372574871369e-13
-8.624931451505606e-13
1.163486517358733e-12
-1.15866085327449e-12
8.603871466613545e-13
-3.396229566751965e-13
-2.6701471441663027e-13
7.994290263511957e-13
-1.1254578514212606e-12
1.1595466155120416e-12
-8.942761403063132e-13
4.0014368636726567e-13
1.936658820103287e-13
-7.372292700664747e-13
1.0854232362763045e-12
-1.154501454952124e-12
9.259269184378224e-13
-4.570376019218657e-13
-1.2208858525154526e-13
6.737447491022792e-13
-1.0429111827404546e-12
1.146439266830322e-12
-9.5232235014603e-13
5.121325983308308e-13
5.307812311876661e-14
-6.091880915972752e-13
9.982593425983572e-13
-1.1347650605752967e-12
9.744946335332643e-13
-5.648071833957508e-13
1.28635143232216e-14
5.425123422758975e-13
-9.534221334205486e-13
1.1177837650506571e-12
-9.943680330015697e-13
6.127612746843065e-13
-7.841065885236437e-14
-4.771189215467058e-13
9.054573762135854e-13
-1.0981931363549352e-12
1.010048726311431e-12
-6.5770692804749e-13
1.4150701272910087e-13
4.1129787281545766e-13
-8.557897628194051e-13
1.076174649564131e-12
-1.0204608931938347e-12
7.008800742641894e-13
-2.0148972632299514e-13
-3.454805364723353e-13
8.045034267252619e-13
-1.050708395443182e-12
1.0284568973594013e-12
-7.385911312678535e-13
2.6158725143979603e-13
2.820798388744073e-13
-7.505036912763941e-13
1.0230656380960098e-12
-1.0323058783062321e-12
7.734697450974091e-13
-3.1855784227522943e-13
-2.184800834596642e-13
6.958159334321273e-13
-9.928061747871033e-13
1.0317171162970792e-12
-8.063331170687957e-13
3.7157300725576713e-13
1.5438409929912987e-13
-6.412301694659314e-13
9.585973305465946e-13
-1.0295634450577589e-12
8.334510404466426e-13
-4.242749070115828e-13
-9.286297021066926e-14
5.848844435696911e-13
-9.225944501225457e-13
1.0231756125249115e-12
-8.58428151178102e-13
4.7286010397661e-13
3.132787533691375e-14
-5.282550166354698e-13
8.846952808708576e-13
-1.0127758526961462e-12
8.805829333745638e-13
-5.185071787284205e-13
2.885076863860861e-14
4.710052556801014e-13
-8.445269840279959e-13
9.999709726024123e-13
-8.979028655996749e-13
5.632339309316203e-13
-8.579764031123829e-14
-4.121421609548818e-13
8.03180179329836e-13
-9.835478002684788e-13
9.126626706555862e-13
-6.037920566111232e-13
1.4272832190697523e-13
3.544441897762342e-13
-7.593327456576584e-13
9.643537229486076e-13
-9.24317323036823e-13
6.408369777947277e-13
-1.990324723918634e-13
-2.982773583385337e-13
7.122995345971426e-13
