-8.369475902256229e-13
7.468893667601784e-13
-4.64732365004078e-13
6.04735987848326e-14
3.593265008455804e-13
-6.883975269163234e-13
8.394291121580078e-13
-7.742461728167671e-13
5.088498082082102e-13
-1.1034474201131303e-13
-3.164084347434208e-13
6.641079820764378e-13
-8.393109711110695e-13
7.994702973488419e-13
-5.516158936836808e-13
1.6112132799520442e-13
2.7219241637910837e-13
-6.36757119742374e-13
8.367105971832448e-13
-8.220988451622391e-13
5.934328549395129e-13
-2.1213759915372776e-13
-2.264883159491804e-13
6.064619292867057e-13
-8.316958233223204e-13
8.418034064955338e-13
-6.344926754137115e-13
2.6264353105570626e-13
1.784917699754196e-13
-5.743510051239853e-13
8.231349087582662e-13
-8.593727671753898e-13
6.739306623665762e-13
-3.1322758026610783e-13
-1.2926196032722152e-13
5.395286052417428e-13
-8.11730794724764e-13
8.744868497099514e-13
-7.114784133899593e-13
3.6376159682277965e-13
7.851101393864481e-14
-5.027352816303644e-13
7.969661759485086e-13
-8.870304288747308e-13
7.473428489665347e-13
-4.1399601626470513e-13
-2.6941915448859077e-14
4.630454167274252e-13
-7.795948504536309e-13
8.968033157448832e-13
-7.809555140157048e-13
4.641104124278317e-13
-2.5452730201269702e-14
-4.210009077465493e-13
7.594281106748646e-13
-9.032739833880754e-13
8.13173313407578e-13
-5.129967631245513e-13
7.911466620713625e-14
3.769450029889043e-13
-7.360722274751819e-13
9.071855679859686e-13
-8.426953796228376e-13
5.615782903804767e-13
-1.3296519918090666e-13
-3.3023566926816336e-13
7.104441241843808e-13
-9.073295220823874e-13
8.706322470765959e-13
-6.086712709722456e-13
1.8773481336377407e-13
2.8173272426410875e-13
-6.816334711662164e-13
9.046577027365859e-13
-8.960437946155544e-13
6.543680881652676e-13
-2.435166081865285e-13
-2.320980785166258e-13
6.492058543636744e-13
-8.994500680930373e-13
9.183676702226403e-13
-6.993119163323005e-13
2.989756238056358e-13
1.8012101628684312e-13
-6.143373500480002e-13
8.908358482393353e-13
-9.38148575005024e-13
7.426832547997709e-13
-3.545529589437555e-13
-1.2638059534539204e-13
5.768487473575291e-13
-8.788062359475705e-13
9.552124094100512e-13
-7.845826815980684e-13
4.097489187848011e-13
7.076204388778132e-14
-5.367991688713246e-13
8.635199663536652e-13
-9.693351147567908e-13
8.245484901590854e-13
-4.651170184151942e-13
-1.430388737499624e-14
4.936358993219488e-13
-8.450083038357072e-13
9.808136311024214e-13
-8.619737968646794e-13
5.206001911874463e-13
-4.308110733195273e-14
-4.476246687680535e-13
8.23532954187626e-13
-9.887380817766059e-13
8.978163105784518e-13
-5.750184883070817e-13
1.0195818111333623e-13
3.992972905844813e-13
-7.986607245677845e-13
9.934016632405473e-13
-9.316308614326515e-13
6.282665153415279e-13
-1.6230302114729952e-13
-3.489312191814463e-13
7.702334559991706e-13
-9.94963899900816e-13
9.627687515791187e-13
-6.810011432515716e-13
2.2283010076180934e-13
2.956182145185016e-13
-7.389889402919533e-13
9.929128447621184e-13
-9.913651229367141e-13
7.326917648425454e-13
-2.8399211828328585e-13
-2.401379230558059e-13
7.042746871773446e-13
-9.876544396403091e-13
1.0171441432732705e-12
-7.829271542923216e-13
3.460464657084892e-13
1.830293648368997e-13
-6.658658329289995e-13
9.791796571755596e-13
-1.0398211310355366e-12
8.320209951854318e-13
-4.0782405753050405e-13
-1.2314867274423033e-13
6.250375603234181e-13
-9.664959551618842e-13
1.0599583123199966e-12
-8.790759779279088e-13
4.701881842551651e-13
6.188297793012368e-14
-5.805630432969506e-13
9.504834055407215e-13
-1.0769161969418513e-12
9.241024505697137e-13
-5.327812865025673e-13
8.509447241349039e-16
5.327858732756354e-13
-9.309679982777272e-13
1.0903478434789132e-12
-9.675675542363353e-13
5.944541274731013e-13
-6.599585494120363e-14
-4.82628820558711e-13
9.07322146898073e-13
-1.1005057552231988e-12
1.008833112748552e-12
-6.558224175676139e-13
1.322388740619042e-13
4.2893895385613566e-13
-8.804293943482456e-13
1.106902907349329e-12
-1.0476661360490766e-12
7.167263275031147e-13
-1.9965286326187818e-13
-3.722423251583739e-13
8.499147691678988e-13
-1.1094054955426214e-12
1.084329773003028e-12
-7.763698427532434e-13
2.6866517753552047e-13
3.1320264727453715e-13
-8.1507202595372e-13
1.1087795647451344e-12
-1.1175910204065985e-12
8.356058777395574e-13
-3.3822833490867176e-13
-2.511838572620922e-13
7.765526686498084e-13
-1.1043165332912125e-12
1.147864838214009e-12
-8.938174666239597e-13
4.0825380877120317e-13
1.8603938404074884e-13
-7.346694188460412e-13
1.0956687235687816e-12
-1.1750018107941157e-12
9.508219465850617e-13
-4.787824132905459e-13
-1.1859525909992318e-13
6.884021763186308e-13
-1.0836625427260923e-12
1.198677682581669e-12
-1.0055530909472252e-12
5.510443545913592e-13
5.001672096966006e-14
-6.378883068946849e-13
1.0671087622629e-12
-1.2196236112427691e-12
1.0583193794031461e-12
-6.226690012609187e-13
2.2483667289815656e-14
5.851995944383974e-13
-1.0456190536170736e-12
1.2367109977624236e-12
-1.1098570748145021e-12
6.93654326574367e-13
-9.719177387579332e-14
-5.282363628350701e-13
1.0205714650765309e-12
-1.2498092249952145e-12
1.158532995604249e-12
-7.65768121019524e-13
1.7257243431428733e-13
4.668442480247905e-13
-9.912546868715266e-13
1.2592326530886108e-12
-1.2045542970005722e-12
8.374238016710062e-13
-2.5016510794359423e-13
-4.0229664305127744e-13
9.570692889928284e-13
-1.2649726316634709e-12
1.247743653467284e-12
-9.082930736886552e-13
3.299173408272358e-13
3.3455890946167894e-13
-9.184745929643717e-13
1.2659522743031258e-12
-1.2887246663362295e-12
9.77842946816888e-13
-4.1147243733317746e-13
-2.6353680325688646e-13
8.750074059395154e-13
-1.2631473471986414e-12
1.3258877181277623e-12
-1.0469666500108404e-12
4.940439039426388e-13
1.8885872597996294e-13
-8.273596260289071e-13
1.2551621948368611e-12
-1.3604949978834509e-12
1.1142109410371217e-12
-5.780958331697225e-13
-1.1086364941086452e-13
7.751927856624883e-13
-1.2425565699558287e-12
1.3913167267645228e-12
-1.1803028903431952e-12
6.629073948876616e-13
2.955699158047091e-14
-7.183173063581743e-13
1.2253456533264854e-12
-1.4180104563528713e-12
1.2451306234797559e-12
-7.480576787117184e-13
5.531670005718459e-14
6.571716956411913e-13
-1.2028152886593518e-12
1.4411133899420117e-12
-1.3075735135594813e-12
8.34257214439527e-13
-1.4279277889214825e-13
-5.909943336057618e-13
1.1754269576200838e-12
-1.4599139744660168e-12
1.3677484849234288e-12
-9.21024683230918e-13
2.3301495622050924e-13
5.200645462529207e-13
-1.142753477125905e-12
1.4743515363190415e-12
-1.42548803459942e-12
1.0078575402231851e-12
-3.2616847401358524e-13
-4.4447732702156016e-13
1.104898531158426e-12
-1.4837478593572157e-12
1.480976075680517e-12
-1.094306378718821e-12
4.2213324978240924e-13
3.6414885781504457e-13
-1.0616606024778737e-12
1.4881810598677126e-12
-1.5334915175145997e-12
1.1805004339430296e-12
-5.207105022871382e-13
-2.7940583551371093e-13
1.012365164153886e-12
-1.4880114332967155e-12
1.5822844174626266e-12
-1.2665726146868331e-12
6.214017403693162e-13
1.8978558402620152e-13
-9.574484714147341e-13
1.4823769538802358e-12
-1.6276671501189099e-12
1.3517849402431467e-12
-7.244368611807689e-13
-9.559820471923946e-14
8.965677477537449e-13
-1.471173271615108e-12
1.669295328696118e-12
-1.4358519018061742e-12
8.297665479403859e-13
-3.030286858519014e-15
-8.294400211511358e-13
1.4543640456289957e-12
-1.7065857646242261e-12
1.5190538343902323e-12
-9.36527875350962e-13
1.0679737837888827e-13
7.56567457578694e-13
-1.431179577980081e-12
1.7397872419168953e-12
-1.6002976644476416e-12
1.0455543175831157e-12
-2.147376185651858e-13
-6.77204911082621e-13
1.4015373483867912e-12
-1.768604150511457e-12
1.6794478759091224e-12
-1.156217600770751e-12
3.274817819581314e-13
5.917185567244245e-13
-1.365151873240736e-12
1.7921335788519943e-12
-1.757110988196121e-12
1.2676066675539558e-12
-4.451857812480377e-13
-4.995768720608995e-13
1.3222257687928265e-12
-1.8101231544984834e-12
1.832178788103062e-12
-1.3806767585474704e-12
5.669684600434718e-13
4.00418661435598e-13
-1.2721566594615869e-12
1.822398526733647e-12
-1.9046141840424366e-12
1.4946283546735526e-12
-6.933599423343546e-13
-2.9428020364108775e-13
1.2148368739581062e-12
-1.8283490344508425e-12
1.9741713178772457e-12
-1.6092470795667022e-12
8.244913873777217e-13
1.813798074218364e-13
-1.1492922177850449e-12
1.82825430515588e-12
-2.0400002830421298e-12
1.724704896695136e-12
-9.600001043731468e-13
-6.114619206027874e-14
1.0755161323685374e-12
-1.8214130232324307e-12
2.1019039002117566e-12
-1.8406659336750314e-12
1.0998983584929094e-12
-6.68358903663706e-14
-9.935913993156092e-13
1.8068808871032495e-12
-2.1597796290639566e-12
1.9568925320018512e-12
-1.2441592572856269e-12
2.0251754843041245e-13
9.02426945904772e-13
-1.7847377132602357e-12
2.213106437869387e-12
-2.0728098368161432e-12
1.3931864303442928e-12
-3.4619725809668133e-13
-8.020948841740366e-13
1.7540576714854968e-12
-2.2613920257392857e-12
2.1886188267778504e-12
-1.5465022236840178e-12
4.983025583483281e-13
6.917405647092816e-13
-1.7145970337275704e-12
2.304251412546642e-12
-2.3033196339671432e-12
1.7052183232447937e-12
-6.583995391484141e-13
-5.707312699488205e-13
1.6652979016282818e-12
-2.3413715382493204e-12
2.4172883042276118e-12
-1.8680525354555635e-12
8.279573754664911e-13
4.383767456138491e-13
-1.6066089582554398e-12
2.370853959866891e-12
-2.5306161949325803e-12
2.035492491834053e-12
-1.0071459257596514e-12
-2.947935694704185e-13
1.5358282477342773e-12
-2.394026674324387e-12
2.6419749913225187e-12
-2.20773903083014e-12
1.1965420656066412e-12
1.38548482928779e-13
-1.4533247623555573e-12
2.4089576779174985e-12
-2.7512692870687245e-12
2.385548605403351e-12
-1.3957604188785936e-12
3.201459635516738e-14
1.3583399545347917e-12
-2.414622854995826e-12
2.8587749447193274e-12
-2.5677769282883725e-12
1.607029945509127e-12
-2.167233136289486e-13
-1.2489989773263007e-12
2.4103571304680845e-12
-2.963662661559859e-12
2.755296981923334e-12
-1.8304473504643838e-12
4.1726753796264346e-13
1.1236963502204174e-12
-2.3957025499075135e-12
3.064661264202307e-12
-2.9488546331487385e-12
2.0665251145382188e-12
-6.357282190947488e-13
-9.817188413944109e-13
2.3682920000022107e-12
-3.1620479066944517e-12
3.148024600288624e-12
-2.317048666131642e-12
8.73217633969764e-13
8.203674665834755e-13
-2.3272332736080435e-12
3.254638811530093e-12
-3.353264674562839e-12
2.583350775379794e-12
-1.1318123285347454e-12
-6.374520617365483e-13
2.270431253679477e-12
-3.341688228158396e-12
3.5648397257146338e-12
-2.867053257940419e-12
1.4142199320299105e-12
4.3040307081273946e-13
-2.1953065410153123e-12
3.422246789729559e-12
-3.7829947670579035e-12
3.170095802423707e-12
-1.7234891488590648e-12
-1.9553439110726643e-13
2.099537583513558e-12
-3.4940562457865314e-12
4.0089147148264035e-12
-3.4942889710195526e-12
2.063614320763339e-12
-7.108106956849536e-14
-1.9790269968721435e-12
3.5558776572079293e-12
-4.2423260359451794e-12
3.842769486848328e-12
-2.4391739258267786e-12
3.747600745335592e-13
1.8293432314225815e-12
-3.604759745685876e-12
4.483933684071189e-12
-4.218832265037217e-12
2.8557376527109124e-12
-7.223723301866992e-13
-1.6444694210047185e-12
3.637619101453132e-12
-4.733404198726803e-12
4.6268072462798454e-12
-3.32051809561947e-12
1.1223515403408824e-12
1.4163580390225468e-12
-3.649739417964393e-12
4.99047213206538e-12
-5.071788595755791e-12
3.8422627397241e-12
-1.5864832756916965e-12
-1.135128100209586e-12
3.6337420924388796e-12
-5.2547829148229574e-12
5.5591240447649344e-12
-4.433014687948937e-12
2.1293879169603627e-12
7.863311646312231e-13
-3.5797301577587916e-12
5.524234632770585e-12
-6.095651691643429e-12
5.1078273006678685e-12
-2.7710297309766186e-12
-3.4983914291920977e-13
3.4731586343415923e-12
-5.794138001559389e-12
6.689107095718178e-12
-5.8863219773079775e-12
3.538652706590422e-12
-2.0312600155231383e-13
-3.291991448862129e-12
6.0548024927165045e-12
-7.348036377497272e-12
6.793587665077788e-12
-4.469985037496016e-12
9.150632183409224e-13
3.001574195356932e-12
-6.288004188517715e-12
8.078907526744837e-12
-7.86198256350989e-12
5.618923085035777e-12
-1.8480862877545692e-12
-2.54373404162406e-12
6.459618989248942e-12
-8.8809047897136e-12
9.131573643516888e-12
-7.060787637078528e-12
3.0994795895437563e-12
1.8231358805444187e-12
-6.4998861870092794e-12
9.733786801753574e-12
-1.0645358726468768e-11
8.90016662799531e-12
-4.820352450529697e-12
-6.741495382767138e-13
6.268353891503153e-12
-1.0564312011990262e-11
1.2426444422064531e-11
-1.1272103693157898e-11
7.242411423184769e-12
-1.1937889370615407e-12
-5.477397967698985e-12
1.115920895725854e-11
-1.44049973294447e-11
1.4296773257167221e-11
-1.0687287244693394e-11
4.2727310609165335e-12
3.5803033730215047e-12
-1.0273982644120829e-11
2.8434275423787283e-11
1.671606672782326e-10
2.3977314328720167e-09
2.6132039009438694e-08
2.4446552014152424e-07
1.9483651473814534e-06
1.3233700798791067e-05
7.660500136208788e-05
0.00037791474342661164
0.0015888848294927482
0.005693150564968354
0.01738499730471156
0.04524371800027154
0.10034682755191252
0.18967526902434223
0.3055480185288836
0.41947872195613223
0.4907972288362705
0.4893909896073605
0.4158833538804079
0.30119572784500176
0.18590359101996887
0.09778865018917936
0.043838009430159273
0.01674846079121689
0.005453316165102288
0.0015132412110277482
0.0003578634224514234
7.212541816998804e-05
1.2388541520163872e-05
1.8135000862584697e-06
2.2623954042731993e-07
2.404649408179322e-08
2.193918160886533e-09
1.5072147523550954e-10
2.778976127807142e-11
-1.1506912325023437e-11
5.0816259608118525e-12
2.7897216385944937e-12
-9.563368835305574e-12
1.3770722725023861e-11
-1.456657952136064e-11
1.1932886661098997e-11
-6.650609512422331e-12
8.175478749987759e-14
6.1692849107990826e-12
-1.06461604134521e-11
1.237258786330609e-11
-1.1067896419402482e-11
7.181175739064588e-12
-1.758114401253548e-12
-3.834101647178251e-12
8.245267067689778e-12
-1.0463995894076639e-11
1.0050081117965754e-11
-7.2135646647691964e-12
2.744638548213114e-12
2.2050485431587573e-12
-6.409576572417356e-12
8.874113888087033e-12
-9.063748737591664e-12
7.020215558093307e-12
-3.330104047662155e-12
-1.0393938891956812e-12
4.987477491454414e-12
-7.557504022083988e-12
8.164889953560282e-12
-6.728589167056639e-12
3.6754151898121885e-12
1.8374299973417682e-13
-3.864955401551845e-12
6.4603518480384776e-12
-7.362089749485144e-12
6.3987326402422144e-12
-3.872263987617085e-12
4.583687129869209e-13
2.962125685565396e-12
-5.536390276971377e-12
6.6477656728256584e-12
-6.06033679702208e-12
3.9728898327653215e-12
-9.500234870803977e-13
-2.224051299233294e-12
4.749072570886991e-12
-6.0107517708869145e-12
5.726706221961024e-12
-4.010036082716732e-12
1.3316513094901059e-12
1.6115906506297999e-12
-4.070431228953571e-12
5.440222135561099e-12
-5.4035272556345186e-12
4.004086104321603e-12
-1.6308244558201458e-12
-1.0969099264804582e-12
3.4793974153932714e-12
-4.926230751950818e-12
5.09313554498049e-12
-3.968075153228276e-12
1.8666892546660806e-12
6.597719538807224e-13
-2.959961344139792e-12
4.4602664687613856e-12
-4.796190985760529e-12
3.910525225862607e-12
-2.052813771433549e-12
-2.8502772751733603e-13
2.5001368781512464e-12
-4.0348975578967576e-12
4.512893862471582e-12
-3.836627429538799e-12
2.1997302280305766e-12
-3.7993395042873364e-14
-2.0899521642746583e-12
3.644573456544043e-12
-4.242451403728096e-12
3.7505289498730164e-12
-2.3145876996979297e-12
3.1810368366364384e-13
1.7218746809811797e-12
-3.2849402369328486e-12
3.9835071239744784e-12
-3.655452485749517e-12
2.4028831953034565e-12
-5.617835400324777e-13
-1.3897865884145313e-12
2.9520245467545883e-12
-3.735548274420574e-12
3.5530797413423104e-12
-2.4690962839513442e-12
7.742722935438908e-13
1.0888365956191282e-12
-2.6430132415835143e-12
3.4970891182979423e-12
-3.44566528136975e-12
2.5160309120922564e-12
-9.600421794312983e-13
-8.154229496114679e-13
2.3548221570728255e-12
-3.2681013750831145e-12
3.33358255086359e-12
-2.5468939687304158e-12
1.1222296841764474e-12
5.663598767713644e-13
-2.0852527384151624e-12
3.0478144418126926e-12
-3.217921539875806e-12
2.563599034368535e-12
-1.2637800893227528e-12
-3.3913691069515273e-13
1.832506280149061e-12
-2.835517861085469e-12
3.0996804909567024e-12
-2.5676716491489845e-12
1.38714508793215e-12
1.316598080720107e-13
-1.595025177395603e-12
2.630897423820842e-12
-2.9788842941521727e-12
2.5612413285806416e-12
-1.4934107672048699e-12
5.863090680319687e-14
1.3721749782699417e-12
-2.432776722613128e-12
2.857000831320235e-12
-2.544523257786312e-12
1.5850797598581526e-12
-2.3263696695722504e-13
-1.1624244447233966e-12
2.241348943455603e-12
-2.7336918306727417e-12
2.5191687343725183e-12
-1.663312025427696e-12
3.91258730606562e-13
9.640891912916611e-13
-2.056953582176138e-12
2.60895706417979e-12
-2.486403576637257e-12
1.7285918028106495e-12
-5.368884415655584e-13
-7.779400717836389e-13
1.878060388187775e-12
-2.483767877564196e-12
2.446767603255244e-12
-1.7822033263600256e-12
6.697713273925857e-13
6.0226892940327e-13
-1.705096292282728e-12
2.3586920524634463e-12
-2.3998212466242655e-12
1.8262613521434183e-12
-7.90171794210067e-13
-4.366105090049255e-13
1.5379298741456363e-12
-2.2329827405098437e-12
2.3481083243262097e-12
-1.859706769557226e-12
8.996207503394103e-13
2.801020931445745e-13
-1.3768486752250927e-12
2.1072955388659777e-12
-2.2908826083071858e-12
1.8843593989417605e-12
-9.98745188362931e-13
-1.3342696066735134e-13
1.220423526230721e-12
-1.9824846101593488e-12
2.228884401731293e-12
-1.900413359384767e-12
1.088062464443725e-12
-4.584464315753854e-15
-1.0695773389896118e-12
1.858060499634454e-12
-2.1626272855396697e-12
1.9088264644774193e-12
-1.1677465926682453e-12
1.3419761997516153e-13
9.238120452446508e-13
-1.7346633079692154e-12
2.0925272023044535e-12
-1.9096396159433745e-12
1.2387754099153028e-12
-2.556434841446937e-13
-7.834026793376689e-13
1.6121217651098847e-12
-2.0188810213171804e-12
1.9039308614207273e-12
-1.3009597662841451e-12
3.694855205946319e-13
6.482386598690904e-13
-1.4906853578656236e-12
1.9423031423143395e-12
-1.8916486232789125e-12
1.3551253546939614e-12
-4.758124479019934e-13
-5.183716377171733e-13
1.3703455780226543e-12
-1.863360551222881e-12
1.872935888451885e-12
-1.4020063573952753e-12
5.744444504651702e-13
3.9339017807678543e-13
-1.2516890699048636e-12
1.781842840938961e-12
-1.848842810466337e-12
1.4413107831654976e-12
-6.659919422264371e-13
-2.7338367913065937e-13
1.1348940946844911e-12
-1.6981813091715517e-12
1.8194944074650866e-12
-1.4735164859458564e-12
7.508867225614384e-13
1.589421599162693e-13
-1.0194935094439392e-12
1.6129180431334562e-12
-1.785435813052304e-12
1.498698253309132e-12
-8.290568532568328e-13
-4.9158551868285394e-14
9.068066464086468e-13
-1.5255514024230155e-12
1.7470579954745673e-12
-1.5175941495066756e-12
9.003281769980248e-13
-5.58037227308118e-14
-7.962257733206074e-13
1.4372841581585988e-12
-1.704105372513267e-12
1.530455115677701e-12
-9.653587994593035e-13
1.5533768862139337e-13
6.875156059436344e-13
-1.3484571554075503e-12
1.6569394830983887e-12
-1.5377114850698352e-12
1.0237752574095757e-12
-2.5025548955072574e-13
-5.817057407127932e-13
1.258593561746213e-12
-1.6063515134012252e-12
1.5392257470632605e-12
-1.0762443350688943e-12
3.4000132599942186e-13
4.783234681358243e-13
-1.1684314393917056e-12
1.552406450935219e-12
-1.5353321856205955e-12
1.1228540476417488e-12
-4.246574291090434e-13
-3.7759162777291817e-13
1.07815778930409e-12
-1.4952991633857935e-12
1.5264449204999266e-12
-1.1635270089109678e-12
5.045182632412697e-13
2.79995824478003e-13
-9.875412496156195e-13
1.4358654705460103e-12
-1.5122101322614205e-12
1.1989683902118637e-12
-5.791800578293628e-13
-1.85324357632022e-13
8.97167122378455e-13
-1.3739108021877455e-12
1.4934410992635946e-12
-1.2287895097386136e-12
6.489495847812824e-13
9.359657200526652e-14
-8.076215496678563e-13
1.3092587201004825e-12
-1.4706872751538008e-12
1.2530950925194244e-12
-7.137725590060745e-13
-4.931763960181301e-15
7.188653791122047e-13
-1.242614751315596e-12
1.4436956542038941e-12
-1.2722821130841183e-12
7.737588281044846e-13
-8.027530868750548e-14
-6.308351329113487e-13
1.1742361302413149e-12
-1.4129370940797037e-12
1.2861455768456068e-12
-8.292918060300682e-13
1.616553328442775e-13
5.434316431586114e-13
-1.104818534571988e-12
1.3780889072197196e-12
-1.2955055649659616e-12
8.796292416271925e-13
-2.3998741114320164e-13
-4.577599697427268e-13
1.0336664399192387e-12
-1.3401705890265387e-12
1.2998939142150708e-12
-9.253129054004983e-13
3.148418312300034e-13
3.737671356185689e-13
-9.612101618236532e-13
1.2992175764046642e-12
-1.2997272816875745e-12
9.6617453809526e-13
-3.8607131325469724e-13
-2.911078114909546e-13
8.885416038091494e-13
-1.2545464392783265e-12
1.2957387891603557e-12
-1.002041640673124e-12
4.5385677878526765e-13
2.1056361642530727e-13
-8.147481932069863e-13
1.2077780650984159e-12
-1.2869563204426301e-12
1.0336385057498952e-12
-5.17729751927885e-13
-1.3169926448810837e-13
7.410883610466824e-13
-1.157790278027632e-12
1.2745880699123536e-12
-1.0606962500026788e-12
5.774255013540339e-13
5.4429036368226587e-14
-6.675025461761488e-13
1.1056219149830833e-12
-1.2579417593326832e-12
1.0837726910425097e-12
-6.328592388580572e-13
2.0906253162413733e-14
5.940632286748121e-13
-1.0515295123517137e-12
1.2373201155681832e-12
-1.1023768078304037e-12
6.852324381181135e-13
-9.259267518305248e-14
-5.196225713881977e-13
9.961214751956131e-13
-1.213403523071536e-12
1.1159589159863359e-12
-7.343026851637674e-13
1.618412904269196e-13
4.463238801446189e-13
-9.382270366841924e-13
1.1863469847663405e-12
-1.126164086987758e-12
7.778832426672747e-13
-2.3012591518216783e-13
-3.7454874416185197e-13
8.790142517299628e-13
-1.1553769069917503e-12
1.1326447630628926e-12
-8.181070799865015e-13
2.944205602207449e-13
3.023067192992272e-13
-8.191635242708643e-13
1.1216158366721015e-12
-1.1344736952156336e-12
8.550320310669312e-13
-3.5570702741104353e-13
-2.3120002444853203e-13
7.58050222716601e-13
-1.0850654755437656e-12
1.1326839614058956e-12
-8.876480566600086e-13
4.1453856853382116e-13
1.616013627320166e-13
-6.95870269526095e-13
1.0459337262612074e-12
-1.1271102794221132e-12
9.162628393254335e-13
-4.706365563365566e-13
-9.380738059435504e-14
6.324342212973264e-13
-1.0050019876320011e-12
1.1173199322249702e-12
-9.415836811265758e-13
5.231880948206086e-13
2.7024779732732757e-14
-5.690028890339836e-13
9.613964765265625e-13
-1.1042731740130143e-12
9.629622933879763e-13
-5.727179028579469e-13
3.794190905247098e-14
5.05128267899628e-13
-9.15737935772096e-13
1.0880867879049158e-12
-9.800864906182697e-13
6.195795312171447e-13
-1.007872917916057e-13
-4.4109533594127885e-13
8.68146938430113e-13
-1.068548475307569e-12
9.93884384939808e-13
-6.62518313832984e-13
1.6247524007384933e-13
3.7780917911216747e-13
-8.184141439769673e-13
1.0461654633574155e-12
-1.00386225651316e-12
7.023823303486321e-13
-2.2185005129119555e-13
-3.1455184316410416e-13
7.673297253570313e-13
-1.0208459525149571e-12
1.0099434849246608e-12
-7.393940493073886e-13
2.7855035643568823e-13
2.5131884543123603e-13
-7.152577483861421e-13
9.922690531037416e-13
-1.013119199496858e-12
7.722924248180185e-13
-3.337047010811144e-13
-1.8927690423707992e-13
6.617128983297425e-13
-9.61254709816277e-13
1.0125505391790398e-12
-8.022704154028493e-13
3.859684849961119e-13
1.2764466687471584e-13
-6.073233067553362e-13
9.278439560243028e-13
-1.0083696575061136e-12
8.290775240130232e-13
-4.356765478700884e-13
-6.701116808394452e-14
5.520865700320105e-13
-8.920322224975261e-13
1.001150379616234e-12
-8.52064742836149e-13
4.834109578768076e-13
8.104628079763643e-15
-4.957879809822097e-13
8.54287615040944e-13
-9.905506861800084e-13
8.719731750886361e-13
-5.280554097285284e-13
5.005143435127257e-14
4.394844405931908e-13
-8.142553810715202e-13
9.769335836162307e-13
-8.886162980995806e-13
5.697798902183275e-13
-1.0714782196586027e-13
-3.834024819055913e-13
7.718386351359789e-13
-9.607726548666599e-13
9.016391776126226e-13
-6.089286721882269e-13
1.6235156394175249e-13
3.2669543069061e-13
-7.282746454506661e-13
9.414023380283076e-13
-9.113098730501035e-13
6.456718840142095e-13
-2.153060715825994e-13
-2.6968726730969284e-13
6.833051919424848e-13
-9.193066230137048e-13
9.177719348385516e-13
-6.793386382944466e-13
2.6682535304509147e-13
2.132399617126024e-13
-6.368241696905893e-13
8.945099307017984e-13
-9.212275730319365e-13
7.098702858653637e-13
-3.1648295317647545e-13
-1.5717252115698993e-13
5.892105814205999e-13
-8.670809357709002e-13
9.217870890107167e-13
-7.370094692682155e-13
3.646772003139518e-13
1.0226609293356839e-13
-5.400106900687293e-13
8.378227885536207e-13
-9.186535338239548e-13
7.618950068893492e-13
-4.099748596435738e-13
-4.751175852486106e-14
4.901638177377127e-13
-8.06426865389287e-13
9.122572489084213e-13
-7.840351631815956e-13
4.5282440991334383e-13
-6.692563170318522e-15
-4.4013837713352544e-13
7.722060837989098e-13
-9.0367730659624e-13
8.025004272216307e-13
-4.939022281436056e-13
5.936765835878877e-14
3.890166183975752e-13
-7.365806640839689e-13
8.918546782164805e-13
-8.181521391902209e-13
5.323873971069346e-13
-1.1125997397828458e-13
-3.381045143979931e-13
6.985065267786108e-13
-8.776850049560809e-13
8.306606058913212e-13
-5.684715815612984e-13
1.6166919844560888e-13
2.86586376719975e-13
-6.59120031236246e-13
8.60833961825261e-13
-8.39789107332498e-13
6.025417324301621e-13
-2.1031422887003008e-13
-2.349758469503232e-13
6.181426557059836e-13
-8.412621700027062e-13
8.463639085280141e-13
-6.335658163029729e-13
2.5763445351160296e-13
1.8331894102130924e-13
-5.760910289048277e-13
8.190705763258025e-13
-8.499180815049175e-13
6.621672629916513e-13
-3.0312303763037835e-13
-1.3182666057804822e-13
5.329796269351483e-13
-7.941514094358896e-13
8.511997956876655e-13
-6.873371004962576e-13
3.4756795046302564e-13
8.135994778558473e-14
-4.882606371117682e-13
7.674657656481292e-13
-8.49188251082641e-13
7.10127463346445e-13
-3.9000495420173025e-13
-3.1492022106979285e-14
4.424214345866523e-13
-7.389751187999695e-13
8.440042686512633e-13
-7.306034965242236e-13
4.2998340084964605e-13
-1.8145189530123697e-14
-3.9616014586345927e-13
7.083995526906271e-13
-8.35872938244885e-13
7.486968391405027e-13
-4.675633801687436e-13
6.725795406848631e-14
3.4967716457825005e-13
-6.75349318024396e-13
8.2583325219316e-13
-7.632920100296843e-13
5.034437444535864e-13
-1.1526207282990872e-13
-3.0276536144266676e-13
6.404601813620536e-13
-8.133556351273253e-13
7.747910790158798e-13
-5.377146744021352e-13
1.6136178770686033e-13
2.5471194895209015e-13
-6.048236682580892e-13
7.974341199717338e-13
-7.845454312557916e-13
5.686723855977325e-13
-2.07057729671167e-13
-2.0698347779416399e-13
5.674820895783026e-13
-7.792023090955487e-13
7.913979937657159e-13
-5.973666904749604e-13
2.516045846517979e-13
1.598964033462072e-13
-5.277040954033152e-13
7.599502082638548e-13
-7.942228418350056e-13
6.247693763197047e-13
-2.9378752397144613e-13
-1.1218723889058782e-13
4.87501119559293e-13
-7.375510873802945e-13
7.953157415888646e-13
-6.489351013890902e-13
3.347580919092309e-13
6.453188735061636e-14
-4.469194771590355e-13
7.122218105485072e-13
-7.942732787851891e-13
6.703375325441139e-13
-3.7423579346681496e-13
-1.7716387030566908e-14
4.0466231986260896e-13
-6.85768315007947e-13
7.898106007541628e-13
-6.897309824765038e-13
4.116957511773182e-13
-2.861856750192351e-14
-3.6168979335517295e-13
6.572592607667072e-13
-7.8295983716137e-13
7.063279914109121e-13
-4.476059995143402e-13
7.392096550621477e-14
3.1778547698282646e-13
-6.271035729324687e-13
7.735095343126276e-13
-7.204058640272101e-13
4.814241892456817e-13
-1.186620987243826e-13
-2.7369597537170544e-13
5.950270343752103e-13
-7.61656318839285e-13
7.319966152896828e-13
-5.131316789303567e-13
1.6241045158520871e-13
2.2909563629058844e-13
-5.615267189733957e-13
7.473783392867212e-13
-7.409505259368692e-13
5.427843646245257e-13
-2.050977279265753e-13
-1.8440358531529145e-13
5.264468181033356e-13
-7.3071698268627e-13
7.475202266409092e-13
-5.699591812372947e-13
2.469438806304446e-13
1.399940171447819e-13
-4.896490717067883e-13
7.123478152393077e-13
-7.509150364838926e-13
5.955308258238262e-13
-2.869561056744852e-13
-9.525921008232615e-14
4.5193408685505894e-13
-6.915234325938593e-13
7.521091606048451e-13
-6.185380267336374e-13
3.256509912252868e-13
5.063553013769049e-14
-4.1338519560524966e-13
6.683684202465012e-13
-7.510136244673748e-13
6.389956993121409e-13
-3.630733824390409e-13
-6.52807613902182e-15
3.738606529880109e-13
-6.431599943042425e-13
7.475142991922512e-13
-6.572352585876598e-13
3.9842793578921174e-13
-3.7651319180369794e-14
-3.340582795363452e-13
6.155727494635972e-13
-7.42214179155929e-13
6.720812024232787e-13
-4.3343421885822244e-13
7.975456520761059e-14
2.921312562684577e-13
-5.876221836524865e-13
7.330570564579677e-13
-6.86062044018413e-13
4.652083339546973e-13
-1.2201685927730618e-13
-2.497300112961089e-13
5.587709870844061e-13
-7.203315910127502e-13
6.988891780377277e-13
-4.939536495831789e-13
1.6462183349538148e-13
2.0843575348136867e-13
-5.264407152010092e-13
7.074899156273848e-13
-7.07228916911267e-13
5.223493940397019e-13
-2.0512792727853167e-13
-1.6614922126489806e-13
4.931007451727353e-13
-6.922866737689839e-13
7.129769163608563e-13
-5.490906591759283e-13
2.4414114140384493e-13
1.234251872853799e-13
-4.585792931927349e-13
6.748465761809569e-13
-7.164650355182051e-13
5.734642443433116e-13
-2.8224004930705726e-13
-8.087349063527315e-14
4.2295389996439747e-13
-6.550110420452324e-13
7.17999755826981e-13
-5.95122393525282e-13
3.1964157510362047e-13
3.906532119196841e-14
-3.856451006698454e-13
6.337559198220436e-13
-7.166297099209542e-13
6.150005752118359e-13
-3.553613407822096e-13
2.5936078060904657e-15
3.473764271096015e-13
-6.107635326533874e-13
7.12520495230903e-13
-6.332163948438755e-13
3.887987336293653e-13
-4.4784734915396775e-14
-3.092180514780361e-13
5.851423196418606e-13
-7.066881402298803e-13
6.487557026672564e-13
-4.2086728352140565e-13
8.638090974076772e-14
2.7043108173764287e-13
-5.575901127134312e-13
6.988673076141673e-13
-6.616272472311929e-13
4.5165236396254125e-13
-1.269293084550394e-13
-2.30735878328198e-13
5.287015720944035e-13
-6.88640545757483e-13
6.721228842346182e-13
-4.809142935777365e-13
1.6639498864230786e-13
1.9033182305652754e-13
-4.984166913003662e-13
6.76190830680424e-13
-6.803749682269471e-13
5.080456888496275e-13
-2.0548854003384448e-13
-1.5027519202325723e-13
4.660975600267549e-13
-6.620997820603141e-13
6.85848060884653e-13
-5.336928454533616e-13
2.4312603314088553e-13
1.0959036171098051e-13
-4.328819656982583e-13
6.455693930689593e-13
-6.893225347968423e-13
5.570732792401122e-13
-2.797282354986588e-13
-6.85480162159517e-14
3.9927829707708897e-13
-6.258428644454084e-13
6.916669345639841e-13
-5.775143929337575e-13
3.156731961482713e-13
2.785872877108139e-14
-3.64331791579536e-13
6.047117577997029e-13
-6.909682194195092e-13
5.96610162832685e-13
-3.4989743213984114e-13
1.237833439218999e-14
3.275230203569974e-13
-5.82960126463705e-13
6.868231862830033e-13
-6.142842606249034e-13
3.8240304051448304e-13
-5.253972581725216e-14
-2.904514837471909e-13
5.58531893486351e-13
-6.813491090959824e-13
6.291791090968846e-13
-4.135081660052187e-13
9.246275536963554e-14
2.5295472343730764e-13
-5.322102741698305e-13
6.738517748049183e-13
-6.415601132731559e-13
4.4345012343446776e-13
-1.3139200891116933e-13
-2.1464207115152955e-13
5.042887628756976e-13
-6.642491043058844e-13
6.516508515946686e-13
-4.717900784102612e-13
1.6950015125634106e-13
1.755973885422096e-13
-4.752359358966403e-13
6.521750771108545e-13
-6.596989329020665e-13
4.982793993981744e-13
-2.0679279900514595e-13
-1.3613141845596795e-13
4.450427400663271e-13
-6.37590646864847e-13
6.659991499240961e-13
-5.224565384979546e-13
2.435575033295195e-13
9.680321370279067e-14
-4.131927843990405e-13
6.213068839379324e-13
-6.698546361996838e-13
5.447162364589829e-13
-2.795534613243684e-13
-5.779075717129092e-14
3.7979085520861185e-13
-6.032818079168823e-13
6.713459454440173e-13
-5.650077157032789e-13
3.1450270050708137e-13
1.893051431481982e-14
-3.4522924445052494e-13
5.834422968131819e-13
-6.704297217903688e-13
5.83675950553022e-13
-3.474852187935311e-13
2.0752768602968515e-14
3.1064801448778414e-13
-5.611293253230436e-13
6.675233801538613e-13
-6.003252728281375e-13
3.7926366665246176e-13
-5.95894344479659e-14
-2.7432621904663264e-13
5.380052739537879e-13
-6.617936580153683e-13
6.150248621932292e-13
-4.0969858532700153e-13
9.798699845393254e-14
2.3748119317608205e-13
-5.1286453639727e-13
6.541464960249195e-13
-6.276023939643653e-13
4.383639944356404e-13
-1.3626343560189962e-13
-2.0046618568465327e-13
4.856809178930304e-13
-6.448405763149243e-13
6.374999279920482e-13
-4.659359736183968e-13
1.7343516234186325e-13
1.6253447990066918e-13
-4.574982681512794e-13
6.328368291892891e-13
-6.459302064546103e-13
4.910653833796018e-13
-2.1057264041108292e-13
-1.24942255591606e-13
4.2719031028647276e-13
-6.195889320147376e-13
6.513908706881246e-13
-5.151188530639671e-13
2.463080271994301e-13
8.664585650733947e-14
-3.961018344600577e-13
6.037631005602419e-13
-6.551173475827738e-13
5.371248295547539e-13
-2.8097447467561406e-13
-4.794789611005434e-14
3.641291761417602e-13
-5.857718054447301e-13
6.568029837709156e-13
-5.570354802668861e-13
3.149007706715281e-13
9.66837013013547e-15
-3.306754088415081e-13
5.662356184112047e-13
-6.560056534665044e-13
5.753771751491412e-13
-3.471783466065487e-13
2.891235622469594e-14
2.9646767822753245e-13
-5.449335016732978e-13
6.528733857168174e-13
-5.91725285056599e-13
3.7848614883012926e-13
-6.673357540751742e-14
-2.609318062046014e-13
5.221566043590541e-13
-6.47486245292276e-13
6.061658986815606e-13
-4.0796158913306165e-13
1.0496064959846638e-13
2.2553857693212857e-13
-4.970084633141869e-13
6.403362267945455e-13
-6.183988924098956e-13
4.361782116225884e-13
-1.4231623000532197e-13
-1.8904261393844776e-13
4.705463203276079e-13
-6.312224404454405e-13
6.280432446463791e-13
-4.633547674516395e-13
1.7873189660063713e-13
1.5188064100453577e-13
-4.4276543335653006e-13
6.197462747524902e-13
-6.360085876398763e-13
4.884493769755743e-13
-2.1478542942393955e-13
-1.1450663143004381e-13
4.1356465204594356e-13
-6.061679374699853e-13
6.4187855464563e-13
-5.118461868944185e-13
2.499173834842113e-13
7.673128557499012e-14
-3.831490371696414e-13
5.905917323569226e-13
-6.455794604261326e-13
5.33509679011832e-13
-2.8406856821192043e-13
-3.872811608812118e-14
3.5160638430063936e-13
-5.731246441953414e-13
6.469298406935042e-13
-5.535903196951096e-13
3.1699073725095267e-13
6.788873901498867e-16
-3.188844914538237e-13
5.538426387087745e-13
-6.462163284062517e-13
5.715591395867773e-13
-3.489795649459223e-13
3.72182411193933e-14
2.8526623955289255e-13
-5.325840163660061e-13
6.435229989293899e-13
-5.874222338109624e-13
3.7993486114446904e-13
-7.462133675127341e-14
-2.5039795959419676e-13
5.099662993947324e-13
-6.384434623738369e-13
6.013318393326915e-13
-4.0970198039484357e-13
1.1139038501742763e-13
2.1442351381330413e-13
-4.860151660569853e-13
6.309346484610699e-13
-6.135119469962968e-13
4.3767380598396416e-13
-1.4821917937346735e-13
-1.7839255215600413e-13
4.598937898174375e-13
-6.218295141719341e-13
6.23381082036115e-13
-4.641104259803588e-13
1.8472576983688538e-13
1.421194162787992e-13
-4.3208877231401543e-13
6.106655979498665e-13
-6.312474956811365e-13
4.889238428180953e-13
-2.2034305803553256e-13
-1.0495295373759738e-13
4.034518900517433e-13
-5.970835340411218e-13
6.370574286644431e-13
-5.123408916102406e-13
2.5479219321015865e-13
6.724933963765943e-14
-3.734641443855688e-13
5.817940801431526e-13
-6.404502985888835e-13
5.340946326697071e-13
-2.885740149442817e-13
-2.9796586205332876e-14
3.4184807762294156e-13
-5.647526717111884e-13
6.418303388766589e-13
-5.536781970405524e-13
3.2174523462158433e-13
-7.461479351045242e-15
-3.090461914156961e-13
5.458522089191176e-13
-6.410437502005206e-13
5.715667197349339e-13
-3.5354060174200286e-13
4.497258668588448e-14
2.7552853622443953e-13
-5.248965569225319e-13
6.383242120464316e-13
-5.873063347522399e-13
3.84306852119345e-13
-8.22181128632633e-14
-2.4114068240564696e-13
5.021343219732057e-13
-6.334301891104497e-13
6.013639353668103e-13
-4.133314819657718e-13
1.1957326883636256e-13
2.0607512515814688e-13
-4.778923838686527e-13
6.261156957482195e-13
-6.135424199943396e-13
4.410851024705398e-13
-1.5629511573855837e-13
-1.7026657861407557e-13
4.51839954340727e-13
-6.171729793891245e-13
6.231681837221004e-13
-4.67847982577041e-13
1.9206858326015208e-13
1.3344880755994382e-13
-4.2471581807035363e-13
6.058487045379479e-13
-6.308564781676296e-13
4.929251451457617e-13
-2.2718632530782656e-13
-9.62164375950536e-14
3.9622558706264854e-13
-5.922866364027612e-13
6.368276403174306e-13
-5.159776618013194e-13
2.619972135767322e-13
5.907387451015427e-14
-3.6591745213036637e-13
5.772936528102875e-13
-6.401933878802521e-13
5.375307542521446e-13
-2.9601006057095675e-13
-2.1923162079955604e-14
3.342905547490197e-13
-5.60193660842623e-13
6.417292576882693e-13
-5.571161895041186e-13
3.289273796068782e-13
-1.571110601315187e-14
-3.019711771308557e-13
5.409363236343294e-13
-6.411678635548869e-13
5.749099466659839e-13
-3.6073439472865577e-13
5.322413157278604e-14
2.684341969289517e-13
-5.200658228836999e-13
6.382563814201594e-13
-5.910441993214169e-13
3.910856476587392e-13
-9.09180476843966e-14
-2.3422867866861785e-13
4.973207493526623e-13
-6.332251404353483e-13
6.052189480334107e-13
-4.202505920680321e-13
1.2808320596746736e-13
1.9883270635409634e-13
-4.732073375072118e-13
6.259528368103903e-13
-6.172002681504191e-13
4.4846817760446637e-13
-1.6442462842838098e-13
-1.6249435219668973e-13
4.474148890437222e-13
-6.168601051237902e-13
6.26885313610173e-13
-4.752455983281374e-13
2.0053317414807785e-13
1.2595819100549628e-13
-4.1983130122289907e-13
6.056304794159964e-13
-6.348929676103639e-13
4.998964388614576e-13
-2.364863289682849e-13
-8.915319507540901e-14
3.9082509868377537e-13
-5.922624909883175e-13
6.407622710409094e-13
-5.231394762586016e-13
2.714230442345146e-13
5.173806922360355e-14
-3.604749976849291e-13
5.771510323123176e-13
-6.440335590856287e-13
5.452571128010725e-13
-3.049167291945796e-13
-1.3597070132241408e-14
3.2924027993095174e-13
-5.597609529087144e-13
6.454359515837703e-13
-5.652785110361257e-13
3.3780636028209944e-13
-2.4385414257797412e-14
-2.966937820510808e-13
5.404178792063219e-13
-6.449511037795144e-13
5.830878393585919e-13
-3.7001857577051234e-13
6.206705387191155e-14
2.628842364328132e-13
-5.193750799133683e-13
6.421335274284356e-13
-5.99150738820859e-13
4.009809076649921e-13
-9.957426131480829e-14
-2.2789000788283954e-13
4.967631152913871e-13
-6.370683034399262e-13
6.131937256299145e-13
-4.307730142339607e-13
1.368791746009048e-13
1.9225392204473081e-13
-4.721608482192782e-13
6.300373201832268e-13
-6.252017814433749e-13
4.591350024576402e-13
-1.7389572094399807e-13
-1.5591240428829217e-13
4.4590010372964995e-13
-6.20894465842724e-13
6.35174113938757e-13
-4.859607623410617e-13
2.1057625987771787e-13
1.1904839979813872e-13
-4.1803258964741445e-13
6.095897207697753e-13
-6.431016884646622e-13
5.112882427958188e-13
-2.464786300917902e-13
-8.129209576413062e-14
3.8915813929240655e-13
-5.957685846153671e-13
6.49203370212394e-13
-5.348168226621664e-13
2.8184114496942234e-13
4.349906998148476e-14
-3.5834797378363356e-13
5.803869169944028e-13
-6.530105166817792e-13
5.563938358571283e-13
-3.16834559392196e-13
-5.812028502279392e-15
3.2605663432214334e-13
-5.631430149247713e-13
6.54277153167878e-13
-5.768580383456983e-13
3.500483942811723e-13
-3.279388444263032e-14
-2.9295308477356064e-13
5.43844123056585e-13
-6.534252244816296e-13
5.952445304095311e-13
-3.8266709211078567e-13
7.094754698361139e-14
2.584592451188291e-13
-5.226329202332076e-13
6.505454716878793e-13
-6.11651984234403e-13
4.139295325808524e-13
-1.0942563233096489e-13
-2.23426647260701e-13
4.992049747324727e-13
-6.457660237659562e-13
6.257550914509829e-13
-4.4433910973427224e-13
1.4728683883645898e-13
1.8716612169527278e-13
-4.742169984990924e-13
6.386499172813002e-13
-6.380498638303165e-13
4.730947682550447e-13
-1.850898957737197e-13
-1.5017029830762838e-13
4.4778076269673345e-13
-6.288650750134487e-13
6.488247655773524e-13
-4.998834954743262e-13
2.2292861834777772e-13
1.130537038695686e-13
-4.190273252690447e-13
6.177465316183333e-13
-6.566705993267806e-13
5.258503199063513e-13
-2.594910138706509e-13
-7.464144527240249e-14
3.8948489035177086e-13
-6.037735209068359e-13
6.629700996219398e-13
-5.497128185365377e-13
2.958075454576444e-13
3.626596218194047e-14
-3.579741562526539e-13
5.88246932207673e-13
-6.665641743861279e-13
5.723062682924534e-13
-3.3086761819337866e-13
2.8414041444255034e-15
3.2534127224991995e-13
-5.706775213060969e-13
6.676976244637468e-13
-5.934592798580736e-13
3.6482851960535254e-13
-4.20915064010125e-14
-2.913661255463438e-13
5.509382359433691e-13
-6.672086214500582e-13
6.117938615764174e-13
-3.9863583897266374e-13
8.092000394852971e-14
2.5610393434266497e-13
-5.291996702161671e-13
6.642632270484872e-13
-6.288220471042517e-13
4.3035665613623387e-13
-1.2063238690220593e-13
-2.2045932417263518e-13
5.052125736253929e-13
-6.59223330972683e-13
6.43754403755453e-13
-4.609141636413001e-13
1.6006409656935562e-13
1.8378893975399685e-13
-4.794016917745258e-13
6.520427246335718e-13
-6.563997522867749e-13
4.904800635743246e-13
-1.9881850429090118e-13
-1.460201232925339e-13
4.518438585075178e-13
-6.428198114032866e-13
6.665591438199936e-13
-5.189532706732242e-13
2.3679404820714495e-13
1.071087120506103e-13
-4.230840686155917e-13
6.308917276243187e-13
-6.749982482729564e-13
5.456132470954038e-13
-2.7431436388736037e-13
-6.759208225730263e-14
3.9280150596305573e-13
-6.165665355983319e-13
6.81528768037179e-13
-5.702533397425577e-13
3.1143853142906087e-13
2.77209550110913e-14
-3.609298661536735e-13
6.001673363668235e-13
-6.85717523764817e-13
5.931561713998493e-13
-3.4797190943754086e-13
1.2140868971361876e-14
3.27211952652384e-13
-5.819278316799897e-13
6.874464492081962e-13
-6.144212926499879e-13
3.8335201638610353e-13
-5.2429688770802595e-14
-2.920120000793837e-13
5.622436807886114e-13
-6.859216297393996e-13
6.34697864216765e-13
-4.1712678378376834e-13
9.309283386400784e-14
2.559006698380796e-13
-5.397913717067329e-13
6.83243252177079e-13
-6.51714382846425e-13
4.5061979539318634e-13
-1.3356083764678797e-13
-2.190533873927332e-13
5.145844599805607e-13
-6.790324070830979e-13
6.661850392693878e-13
-4.831960204323748e-13
1.735723793496824e-13
1.8066882474991933e-13
-4.884138986372678e-13
6.712619178261681e-13
-6.79676438823137e-13
5.13597615456707e-13
-2.136189000465055e-13
-1.4125229820663118e-13
4.607001061050506e-13
-6.608282334234824e-13
6.91386523958126e-13
-5.420811290342252e-13
2.537593071868045e-13
1.0151460975581608e-13
-4.30752909247932e-13
6.485610329885765e-13
-7.00304512240225e-13
5.696363323375429e-13
-2.927109599233713e-13
-6.058532590940953e-14
3.994036885155914e-13
-6.339131596326508e-13
7.069899041853e-13
-5.953896594288142e-13
3.312760056643319e-13
1.9430950682063923e-14
-3.6618147021297524e-13
6.170767298103882e-13
-7.114814581272666e-13
6.190752181705429e-13
-3.6943936400299437e-13
2.1758680142915732e-14
3.3105173533093107e-13
-5.98397028984029e-13
7.1333454047781e-13
-6.410880621389122e-13
4.066354118579852e-13
-6.316082022590688e-14
-2.942625389822646e-13
5.779368522250402e-13
-7.121884810396808e-13
6.619482747998834e-13
-4.4187601663247706e-13
1.0563416530955016e-13
2.568914551724072e-13
-5.547975540565795e-13
7.089621853132043e-13
-6.806330974887047e-13
4.759657047863638e-13
-1.4831401365843857e-13
-2.186233209528236e-13
5.29136746415526e-13
-7.038683409865733e-13
6.9659407209177e-13
-5.09419951440797e-13
1.9026323537216026e-13
1.7860642839955565e-13
-5.020381293983722e-13
6.958455585443076e-13
-7.106851261179137e-13
5.414087299565032e-13
-2.318205533143125e-13
-1.3731360777605847e-13
4.732656413886814e-13
-6.852577274710445e-13
7.226297763741986e-13
-5.71730627706975e-13
2.733331831781143e-13
9.556349314149723e-14
-4.422163497699137e-13
6.724159402669683e-13
-7.324047792849012e-13
6.000294788400783e-13
-3.150699644619085e-13
-5.417691280077629e-14
4.0774301562822644e-13
-6.592174958060672e-13
7.376280942639216e-13
-6.285243018554117e-13
3.547070385441128e-13
1.1003717948720965e-14
-3.726899683939972e-13
6.423714588687231e-13
-7.416659823465308e-13
6.54460337429354e-13
-3.9347600509606444e-13
3.359693707992132e-14
3.3744896217375964e-13
-6.216401551265242e-13
7.446989867529881e-13
-6.770952813988728e-13
4.3281161527612474e-13
-7.708075445820648e-14
-2.993159079451532e-13
5.995583528949822e-13
-7.445985571081038e-13
6.981924630096013e-13
-4.705936445192077e-13
1.213472144582694e-13
2.601724409505121e-13
-5.750858750673213e-13
7.41914621316484e-13
-7.172707298113315e-13
5.072727252518615e-13
-1.6550728973392586e-13
-2.1945067373150664e-13
5.486274879055267e-13
-7.364553417210776e-13
7.344281729710047e-13
-5.42418964239678e-13
2.0974472563452121e-13
1.773838315283506e-13
-5.20307329841414e-13
7.281097269519968e-13
-7.49621976906026e-13
5.758728475387987e-13
-2.5418301069808726e-13
-1.3476422415198926e-13
4.892337862575984e-13
-7.178564592370527e-13
7.619251443999247e-13
-6.08208621444155e-13
2.9794565475041886e-13
9.080406516773977e-14
-4.564873125553426e-13
7.048013006508009e-13
-7.718797040103674e-13
6.389761398402595e-13
-3.41116724209015e-13
-4.594565903294955e-14
4.2169982598424275e-13
-6.892919258193617e-13
7.793843290552527e-13
-6.678387929682743e-13
3.8383532759813476e-13
3.9309208320989146e-16
-3.851331857712062e-13
6.711557591710002e-13
-7.843204345601311e-13
6.950240207724813e-13
-4.25529042852875e-13
4.600250307626706e-14
3.4693141927678847e-13
-6.50479159269255e-13
7.867321660164514e-13
-7.200712049770571e-13
4.665968799071589e-13
-9.252653909403402e-14
-3.0674720828954227e-13
6.275638267649018e-13
-7.863647703146802e-13
7.431328952716615e-13
-5.065704696201857e-13
1.3947560039067342e-13
2.6522007352226405e-13
-6.01689593246219e-13
7.841364345225331e-13
-7.630626733502008e-13
5.461514442001067e-13
-1.861608421098435e-13
-2.2203473313689078e-13
5.736960632498377e-13
-7.786632395935015e-13
7.815122328018802e-13
-5.83739433710592e-13
2.3310834271530233e-13
1.7710428545523787e-13
-5.441858657533094e-13
7.6949551815722e-13
-7.984829870342696e-13
6.190829318246797e-13
-2.8074035563368236e-13
-1.318700542717433e-13
5.112567714890436e-13
-7.589413731485575e-13
8.11650798084259e-13
-6.539711629065511e-13
3.274435267578762e-13
8.530904942589255e-14
-4.760351460916982e-13
7.458076319240095e-13
-8.22156197437202e-13
6.873728177349205e-13
-3.7323943328085483e-13
-3.693450724786992e-14
4.3970203842824124e-13
-7.288997539278187e-13
8.309751127424053e-13
-7.180520023299081e-13
4.1936482742890914e-13
-1.1475423991490383e-14
-4.007211596020866e-13
7.096475661589427e-13
