-0.0001640560978996195
-0.00016455346815313823
-0.00016505169186641815
-0.00016555077460553617
-0.00016605074478144902
-0.00016655160753478162
-0.0001670533917201108
-0.00016755611175437053
-0.00016805978565761267
-0.00016856444188887917
-0.00016907008808555025
-0.00016957675362790428
-0.0001700844435405665
-0.0001705931783160899
-0.0001711029723187623
-0.00017161382586469367
-0.00017212575077816812
-0.00017263873216308485
-0.00017315277834683684
-0.00017366788042650315
-0.00017418402868134113
-0.0001747012103703431
-0.0001752193886991059
-0.0001757385492859513
-0.00017625866098933585
-0.00017677971829823497
-0.00017730171841045823
-0.00017782466383869065
-0.00017834858547876925
-0.00017887350708815095
-0.0001793994886237888
-0.00017992658141048135
-0.000180454846089591
-0.00018098434174869155
-0.00018151510347840633
-0.00018204717532562995
-0.0001825805667052365
-0.00018311529361412653
-0.00018365135401035424
-0.00018418873661438316
-0.00018472743797551575
-0.00018526743121939518
-0.0001858087095173548
-0.00018635124723209964
-0.00018689502902787393
-0.0001874400419639166
-0.0001879862638855883
-0.00018853369450868923
-0.00018908231500017674
-0.00018963212832381286
-0.00019018313040401112
-0.00019073532134053435
-0.00019128871484785416
-0.00019184330948353518
-0.00019239912772400444
-0.00019295617609511352
-0.00019351447505866438
-0.0001940740451538527
-0.00019463489915038908
-0.00019519706750777783
-0.0001957605601760298
-0.00019632540587937721
-0.00019689162081103564
-0.00019745922328815498
-0.00019802823777490073
-0.00019859867086497764
-0.00019917054755810848
-0.0001997438722431957
-0.00020031866055173365
-0.0002008949225508188
-0.00020147266064551102
-0.0002020518907921376
-0.0002026326076830893
-0.00020321482348409315
-0.0002037985359060906
-0.0002043837473878372
-0.000204970465545008
-0.0002055586847071601
-0.00020614841916914847
-0.00020673966514931616
-0.00020733243341701036
-0.00020792672910807967
-0.00020852255468121767
-0.00020911992766688581
-0.00020971885024620397
-0.00021031934629754168
-0.00021092142728127656
-0.00021152511327706726
-0.00021213042842608307
-0.0002127373865214023
-0.00021334602047349193
-0.00021395634627365315
-0.00021456839638491623
-0.00021518219526988247
-0.00021579776390261824
-0.00021641513138614303
-0.00021703430871420314
-0.00021765532592237646
-0.00021827819915083019
-0.0002189029539897457
-0.00021952961458268324
-0.00022015819086856176
-0.00022078870381607066
-0.00022142115427753093
-0.0002220555607046093
-0.00022269193395153017
-0.00022333028289761906
-0.00022397061745580885
-0.0002246129253856757
-0.00022525721174478347
-0.00022590347101751726
-0.00022655171223081075
-0.0002272019395335817
-0.00022785414129174191
-0.000228508315705561
-0.00022916444784881935
-0.0002298225471987746
-0.0002304826159816923
-0.00023114465722228709
-0.0002318086789937723
-0.00023247467892080725
-0.00023314267623963713
-0.00023381267620764588
-0.00023448469642542658
-0.0002351587520545082
-0.0002358348537893645
-0.00023651302403705668
-0.00023719326721234198
-0.00023787560438065514
-0.000238560046369339
-0.00023924661083611555
-0.00023993532211424775
-0.00024062619537479173
-0.00024131926388395748
-0.00024201454562836392
-0.00024271207227953258
-0.00024341187158201036
-0.0002441139690600026
-0.00024481840043759525
-0.0002455251834705542
-0.0002462343484874582
-0.00024694590798332366
-0.00024765987549820313
-0.00024837626198331896
-0.00024909506466236526
-0.0002498162930578607
-0.00025053993912127807
-0.00025126600877348583
-0.0002519945035786208
-0.0002527254285464647
-0.0002534588038594693
-0.00025419464256874746
-0.0002549329814786694
-0.0002556738505678899
-0.00025641729253889816
-0.0002571633525560494
-0.0002579120672322119
-0.0002586634838977445
-0.00025941762852754627
-0.00026017453385337617
-0.0002609342165964777
-0.00026169668836431874
-0.0002624619655224509
-0.0002632300539941578
-0.00026400098412860794
-0.00026477478658637997
-0.0002655515191266062
-0.0002663312557165272
-0.0002671140780313641
-0.000267900086288676
-0.00026868936062511583
-0.00026948197941003914
-0.0002702779868441387
-0.0002710774028453621
-0.0002718802298121119
-0.00027268644485049917
-0.00027349603823228585
-0.00027430899426283636
-0.0002751253216394194
-0.0002759450401445809
-0.0002767681773336031
-0.00027759478086899136
-0.00027842488926104435
-0.00027925855595683005
-0.00028009581747263484
-0.00028093670133901006
-0.0002817812200260456
-0.00028262935790404587
-0.00028348110444553635
-0.000284336437946051
-0.00028519535866308775
-0.0002860578701159626
-0.00028692397389945524
-0.00028779367772178966
-0.00028866697719974444
-0.0002895438952977443
-0.0002904244643533961
-0.00029130874071725673
-0.0002921967883206421
-0.0002930886577376632
-0.00029398440866959313
-0.0002948840907589402
-0.0002957877743846636
-0.0002966955255950224
-0.0002976074007592814
-0.00029852345148720263
-0.00029944371109393334
-0.00030036823068469603
-0.0003012970530392757
-0.00030223022491558264
-0.00030316778552349685
-0.0003041097643565565
-0.00030505620797112616
-0.00030600715386675003
-0.0003069626500861051
-0.0003079227297353314
-0.0003088874221396259
-0.0003098567626703026
-0.00031083077362978025
-0.0003118094841569192
-0.0003127929016114952
-0.0003137810373253714
-0.0003147739011062704
-0.00031577149702411176
-0.0003167738381083615
-0.00031778092488071307
-0.0003187927783305089
-0.0003198094204470233
-0.0003208308830699311
-0.00032185720795635336
-0.00032288843306921787
-0.00032392461731178346
-0.00032496581249290166
-0.0003260120851523658
-0.00032706350623681055
-0.00032812015242654637
-0.00032918211737738827
-0.0003302494851977315
-0.0003313223557341833
-0.00033240082256139156
-0.00033348498670874205
-0.0003345749542506174
-0.000335670823626823
-0.0003367727065127209
-0.0003378806989820707
-0.00033899490182304865
-0.000340115405155347
-0.000341242292770146
-0.0003423756531238717
-0.0003435155566008763
-0.0003446620774569226
-0.00034581526565077234
-0.00034697515919501206
-0.0003481417798772253
-0.00034931512879316775
-0.00035049521203818
-0.000351682019251839
-0.0003528755480384583
-0.00035407578596431276
-0.00035528271607570134
-0.0003564963272263856
-0.00035771660184538007
-0.00035894354697796143
-0.00036017717233522545
-0.00036141750538827984
-0.00036266458071033394
-0.00036391843481197903
-0.00036517913062366307
-0.0003664467441396871
-0.0003677213958011052
-0.00036900322980918304
-0.0003702924128646207
-0.0003715891296812257
-0.00037289356659433396
-0.00037420594295135606
-0.00037552649473976586
-0.0003768554911718843
-0.00037819320880193736
-0.000379539908826741
-0.0003808958430753512
-0.00038226123808948753
-0.0003836363297764003
-0.00038502134098403694
-0.0003864164721104849
-0.00038782187626531134
-0.00038923763225589777
-0.00039066377375215466
-0.00039210028241421185
-0.00039354711476959975
-0.0003950041769290809
-0.0003964713064722052
-0.0003979482843646183
-0.0003994348376753551
-0.00040093069430139727
-0.00040243558146924735
-0.00040394924760662554
-0.00040547147480646446
-0.0004070020987251061
-0.0004085410695811192
-0.00041008846212757104
-0.0004116445121687671
-0.00041320960456929387
-0.00041478427801869316
-0.0004163692348649624
-0.0004179653025506103
-0.00041957340388719806
-0.00042119446061248176
-0.000422829337632423
-0.0004244787818445445
-0.00042614336227511125
-0.00042782343841177826
-0.0004295191080272978
-0.0004312302418232291
-0.0004329565217666147
-0.0004346975218751948
-0.00043645279011914767
-0.00043822189892195687
-0.00044000452472533206
-0.0004418004635125695
-0.0004436096527086402
-0.0004454321354478392
-0.0004472680119446357
-0.00044911742229591326
-0.00045098051037024576
-0.0004528574431047314
-0.0004547483967663742
-0.00045665358028676884
-0.00045857326269688236
-0.00046050777334953705
-0.0004624575172493353
-0.0004644229341414362
-0.0004664045014882778
-0.0004684027157719118
-0.00047041807845203454
-0.0004724510943644761
-0.0004745022406540297
-0.00047657198748206765
-0.000478660780986589
-0.0004807690547404339
-0.0004828972343590689
-0.0004850457321113996
-0.00048721496740772796
-0.0004894053299543617
-0.0004916171772382906
-0.0004938508128232968
-0.0004961064974568225
-0.0004983844841838903
-0.000500685022427598
-0.0005030083916049998
-0.000505354874809051
-0.0005077247495968283
-0.0005101182669629664
-0.0005125356461783864
-0.0005149771247992948
-0.0005174429730024733
-0.0005199335271857362
-0.0005224491602584886
-0.0005249902560514757
-0.0005275572027552492
-0.0005301503889241067
-0.0005327702599207811
-0.0005354173265892094
-0.0005380921763456492
-0.0005407954336779108
-0.0005435277167455811
-0.0005462896488620745
-0.000549081863590001
-0.0005519050522742429
-0.0005547599457927713
-0.0005576472858220957
-0.0005605677944115633
-0.0005635221534812664
-0.000566511058184421
-0.0005695352357170191
-0.0005725954695990484
-0.0005756925641366681
-0.0005788273070473197
-0.0005820004817473179
-0.0005852128720252854
-0.0005884652998280311
-0.000591758590981117
-0.0005950935438620111
-0.0005984709116886903
-0.0006018914108616919
-0.000605355787263944
-0.0006088648229699363
-0.0006124193411576493
-0.0006160201697985558
-0.0006196681385572705
-0.0006233641243614489
-0.0006271090658181031
-0.000630903984523433
-0.0006347499406490556
-0.0006386480257045982
-0.0006425993754710746
-0.0006466051800468173
-0.000650666699948335
-0.00065478521788101
-0.0006589620369473232
-0.0006631984784539425
-0.0006674959022223677
-0.0006718557153800501
-0.0006762793319861675
-0.0006807681864380794
-0.0006853237522540605
-0.0006899476206008806
-0.0006946415456853386
-0.0006994074338873184
-0.0007042473278274542
-0.0007091633586210778
-0.000714157750120948
-0.0007192327784317147
-0.0007243907235549504
-0.000729633826072342
-0.0007349642433855481
-0.0007403840553984208
-0.0007458952248672738
-0.000751499601504601
-0.0007571989570690704
-0.0007629950720360076
-0.000768889853219622
-0.0007748853792952602
-0.0007809839500035052
-0.0007871880992699305
-0.0007935006433986677
-0.0007999247240979218
-0.0008064637937828352
-0.0008131215814444079
-0.0008199019711900184
-0.0008268088833404516
-0.0008338461265000196
-0.000841017284629725
-0.000848325692402001
-0.0008557744506402988
-0.0008633665141166906
-0.0008711047459072728
-0.0008789920231968007
-0.0008870314203966701
-0.000895226460705515
-0.0009035814013550888
-0.0009121013763306752
-0.0009207924108095228
-0.00092966124825769
-0.0009387150704358042
-0.0009479611896968218
-0.0009574067354868993
-0.0009670584178956756
-0.0009769222724656775
-0.0009870034719656432
-0.0009973062832624993
-0.0010078343043117188
-0.0010185910456141833
-0.0010295806492724325
-0.0010408085876535322
-0.0010522820841294721
-0.0010640102215316869
-0.0010760037653872127
-0.0010882747334542207
-0.0011008358224058367
-0.0011136996569959582
-0.0011268780247835146
-0.0011403812538567364
-0.0011542179889044604
-0.0011683955362711688
-0.0011829206288408146
-0.0011978004094828228
-0.001213043281676617
-0.001228659518986222
-0.001244661585810868
-0.0012610641405680198
-0.0012778837775897461
-0.0012951384845345585
-0.0013128470314233802
-0.0013310284544165959
-0.0013497018129289232
-0.0013688862409417047
-0.0013886010788280382
-0.0014088659860058436
-0.0014297009335638429
-0.0014511262313100213
-0.0014731626590696505
-0.0014958316637553371
-0.0015191555997279347
-0.0015431579323141175
-0.0015678635387903462
-0.0015932990843987608
-0.0016194934152959346
-0.0016464778316337063
-0.0016742861062970936
-0.0017029543661596933
-0.0017325208840139814
-0.0017630259024005454
-0.0017945114396501856
-0.0018270210697868016
-0.001860599840218704
-0.0018952944256867296
-0.0019311536160968223
-0.0019682289066378185
-0.002006575005104632
-0.00204625018955987
-0.0020873165679478594
-0.0021298404226595445
-0.0021738926011883168
-0.0022195489660504523
-0.002266890798386533
-0.0023160050824892224
-0.002366984629350811
-0.0024199279471450036
-0.0024749390547534984
-0.0025321274720108847
-0.0025916087111701094
-0.0026535052855352374
-0.002717947909588455
-0.002785076599202686
-0.002855041503841068
-0.002928003742301605
-0.00300413647838435
-0.003083626343067906
-0.0031666751043098267
-0.0032535013058439836
-0.0033443417843467783
-0.0034394530015772846
-0.003539112442391149
-0.003643620400257958
-0.003753302360192327
-0.0038685119461386768
-0.003989634021661576
-0.004117087807669627
-0.0042513302494826925
-0.004392860303778201
-0.004542224702233791
-0.004700025172037983
-0.004866926764425914
-0.005043666720978342
-0.005231063622665607
-0.005430026653989168
-0.005641564650220289
-0.005866794068929733
-0.006106943993477347
-0.00636335530322051
-0.006637469670131064
-0.006930802106727826
-0.007244887441155765
-0.007581185823262572
-0.007940925258391943
-0.008324850008366733
-0.008732833026139863
-0.009163297561341086
-0.00961237773226965
-0.010072730913898468
-0.010531898406730866
-0.010970099159086673
-0.011357338740032544
-0.011649729271807416
-0.011784954093508618
-0.011676884948498698
-0.011209482521629776
-0.010230295182198665
-0.008544124780996096
-0.005907752060825
-0.002026994944076555
0.003442221434162766
0.010886730444856588
0.020720617593756208
0.03335901573449921
0.049179236877295224
0.06846816947670957
0.09135642931806506
0.11774205002824045
0.1472094991752808
0.17895330419700187
0.21171915059945676
0.24377831268828282
0.27295281369998525
0.2967077712177555
0.3123229788626581
0.3171471980920934
0.3089257595281759
0.286175680024344
0.24856451900363907
0.19723278126529672
0.13498899594691233
0.0663062724101122
-0.0029367618045510165
-0.06599690168359293
-0.1160687110028
-0.14727019580308964
-0.15567484744196713
-0.14020636154592445
-0.10319285498293382
-0.05039850817659737
0.009580472929855012
0.06655480647239735
0.1104723188032588
0.13335235933237222
0.1310309815908446
0.1042916721371934
0.05902676031930147
0.005252721692659038
-0.04493581753419496
-0.08009853132762867
-0.09225226007468254
-0.07901691793119853
-0.04445537089127811
0.0017601053516153695
0.04678524756912471
0.07809200198281983
0.08707042433147151
0.0716647697844715
0.03715043544330984
-0.005336996160173921
-0.04221014881411386
-0.06178611413551688
-0.0581857148789138
-0.03340579804329448
0.003272768070490132
0.038482550229306633
0.059548335866965264
0.05915256917867301
0.0381142100662406
0.005119484939573214
-0.026627106263676197
-0.04462475886845961
-0.04212364112459331
-0.02090238163325142
0.009476776183733299
0.03574073144820669
0.04664783799562275
0.03791787568603215
0.014114666011306731
-0.013463249133809118
-0.03201787817400863
-0.033238554859862816
-0.017210049163544044
0.0076922857150338265
0.028956862372617312
0.03616195239042306
0.026182266061505838
0.004703298723218903
-0.01680242600139864
-0.027128769496659155
-0.021257426300679075
-0.0029682849188862647
0.01732315021638258
0.028370907706172795
0.024357332383294163
0.008085984727828524
-0.01074004960935599
-0.02120602757459146
-0.017556860030682832
-0.0025020927593608308
0.014534906716684746
0.02319870348289598
0.018515416259414986
0.0038561010604538843
-0.011305279247674091
-0.017447718548083323
-0.011040215649098838
0.0033090778195985276
0.01598801304639006
0.01875510179694298
0.01014781933961299
-0.0036782397640400906
-0.013239960933556316
-0.012227957756603992
-0.001761011834667921
0.010541928325123642
0.016010501881590145
0.011043774807190966
-0.0004439932247106563
-0.009988538644131515
-0.010785829515857999
-0.0026086910571898815
0.008173636615837601
0.013459139048507793
0.009499086032710668
-0.0003814468267374464
-0.008468973925290066
-0.00866035534361757
-0.001127157137395512
0.00796583301016212
0.011426550367835988
0.006730172358179354
-0.0020879089830364494
-0.00782031781794175
-0.005975017536425056
0.0016437676454532564
0.008566432595764992
0.00910273309285301
0.003042638873878685
-0.004305497465500081
-0.0067189763246661045
-0.0023540792410640466
0.004793047743975555
0.00846587086509779
0.005612113412008188
-0.0010435799679293402
-0.005534572911761458
-0.003994524938511084
0.0019681238380618196
0.006848889682238914
0.006293608592893582
0.0010035561705368813
-0.004035833625760671
-0.004230216790304192
0.0004045956294779667
0.005380204866860517
0.006036942989998561
0.0019154616112382525
-0.0029232316952865645
-0.003870305199487407
-0.0001791952080788858
0.004423076043102779
0.005452479370391462
0.0020381035167978605
-0.0023270523441396296
-0.003331548699050029
-0.00011990313797055038
0.003954182367809058
0.0047872093734625115
0.0016593755748235857
-0.0021338023319671896
-0.0027308625268432393
0.00034814123039879526
0.0038045372996494903
0.004059901553477069
0.0009639772253348178
-0.0021450883976123006
-0.002025104809128804
0.0010695825500169833
0.0037546950133529166
0.0031916984295844984
9.611288492726206e-05
-0.002128742363125702
-0.0011281449007570486
0.0018890593234855194
0.0035640337699928155
0.0021130777067256273
-0.0007622667030466708
-0.0018478754360446846
-1.5303414496659945e-05
0.0025838300840253974
0.0030131235315558236
0.0008661599178269006
-0.0013481745086711691
-0.0011273009106690173
0.0011817881109715271
0.0028602781412450985
0.00200177740700815
-0.00031663688453531405
-0.0013653754060416212
2.1214349944112158e-05
0.002130959432940549
0.002461358155977186
0.000684366110805549
-0.0010291616618939702
-0.0006549032769369158
0.001279849911043809
0.002400167015001212
0.0013865186135232149
-0.00046624607383519693
-0.0008907575498710613
0.0005715556331608054
0.0020639790442158737
0.001753934211138858
8.361435790367207e-05
-0.0008414896415202876
9.248881937582255e-05
0.0016524639787881853
0.0018648624868315663
0.0005082575618498816
-0.0006594064544024844
-0.00017602583687513824
0.0012821465419131676
0.0018222063748793637
0.0007842301848901477
-0.0004500236549808387
-0.000291721166821764
0.0010006872622181178
0.0017098071480489356
0.0009317195628021887
-0.00027006006693671
-0.00031262309704716267
0.0008143339589908833
0.0015809401825365788
0.0009832836361756817
-0.0001412058496159275
-0.00028150344091989614
0.0007107097328278888
0.0014623331217738778
0.0009681947764196455
-6.476396952971724e-05
-0.00022372694009263996
0.0006723051474283029
0.0013622032725137507
0.0009073079056138582
-3.193492225503228e-05
-0.00015062578679837723
0.0006823634889004005
0.001277393574823013
0.0008135662863539028
-2.9381303484698183e-05
-6.420422203326352e-05
0.0007260139491284465
0.00119838563624687
0.0006949129203951741
-4.15492160890829e-05
3.834021818917822e-05
0.0007890328379353963
0.0011127243140010012
0.0005579517814485328
-5.1484909464910225e-05
0.0001604470433874321
0.000855924735576694
0.0010079046145854101
0.0004115286398511076
-4.165156162727756e-05
0.00030222492634275974
0.0009086735804362139
0.0008746767565209958
0.00026953570921634787
4.043357519728749e-06
0.0004567623193000987
0.0009272942086777843
0.0007110999059238445
0.00015194434948526977
9.635663416427559e-05
0.0006075567188456171
0.0008931540599646585
0.0005267124927727062
8.273333335557487e-05
0.00023519163206317097
0.0007286593724728093
0.0007953237420134125
0.0003449895203899546
8.368574186127645e-05
0.0004042396035064172
0.0007895035100931125
0.0006386639921275667
0.00020122184230387944
0.00016434380238792917
0.0005691860402377144
0.00076543254723759
0.0004501041028236126
0.00013321325325056323
0.000311154279941019
0.0006836687119579228
0.0006521168533970016
0.0002776735539704554
0.00016484382931439403
0.00048210188425078086
0.0007053861161043255
0.000477656020678035
0.0001773045454379199
0.00028774777646200714
0.0006144431080252171
0.0006192145021501408
0.0003026670048582765
0.0001875535732195885
0.00045216838571806033
0.0006492645500335561
0.0004560947802148197
0.00020018185258813043
0.00030199599307055634
0.0005793919102349882
0.0005659155240969691
0.0002912180527429964
0.00021748419974305374
0.0004583098945038193
0.0005994644409538956
0.0004061298286970351
0.000210841690962061
0.0003390930626299655
0.0005621624954507636
0.000498629610675673
0.00026305368909713446
0.0002577084315141213
0.0004817996763138602
0.0005444590805608065
0.00034201238393717886
0.00022672116382009566
0.0003908137354770898
0.0005414454155696538
0.0004179658037488725
0.00023989003954859198
0.00031420303821609586
0.0005019059747568126
0.0004717669717494413
0.00028112620649213706
0.00026491693007618786
0.00044356059946541835
0.0004963267738775767
0.00033279833633462566
0.0002449104148225097
0.0003826419139232055
0.0004938452469525026
0.00038095507984222006
0.00024891918665897593
0.00033035820801980515
0.00047160912584563426
0.0004172747781599353
0.00026856269105170335
0.00029223160446290443
0.000438286615349072
0.00043873353597040067
0.0002954751203076302
0.00026915562971133015
0.0004014894087646779
0.00044611768379093343
0.0003230550014694158
0.00025907885382478316
0.000366646189773077
0.00044230831997063244
0.00034704059532384926
0.00025860966556000395
0.0003368713905815587
0.00043088565341049454
0.0003653318207815273
0.0002641847499327164
0.00031336945055950987
0.00041520999495950973
0.00037744826902503213
0.0002727405359894811
0.0002960312691301103
0.0003979639298284701
0.000383929047609597
0.0002819932459429092
0.0002840086846271775
0.0003810247718212865
0.0003858138328655964
0.00029044598361506506
0.0002761563701623686
0.0003655372501667444
0.0003842757989183002
0.0002972583150737085
0.0002713203021124082
0.00035207451857871715
0.00038040455145734787
0.0003020752944076109
0.0002684965966868535
0.0003408082960204597
0.00037509273438017233
0.00030485859862488943
0.0002668992442791035
0.00033166485591990213
0.0003690055122475666
0.0003057514083660808
0.0002659661781811343
0.00032444035882453666
0.00036259247161426144
0.00030498315891246385
0.0002653369433760265
0.0003188809224003971
0.0003561213447626059
0.00030280841755473607
0.0002648143540102127
0.0003147270301394274
0.0003497171909576295
0.0002994767529263477
0.00026432759452021904
0.00031173341778727
0.0003433964779787092
0.00029521966684770135
0.00026389923956022946
0.00030967648673284836
0.00033710152540035714
0.0002902521810437021
0.0002636132677154182
0.00030834552982689364
0.00033072723534449753
0.00028478310090484713
0.00026358930647361477
0.00030752925052985583
0.00032414335013601625
0.0002790266320582942
0.00026395840335327993
0.00030700217234554334
0.00031721726105294115
0.00027321378809171755
0.0002648383670330352
0.0003065141461349926
0.00030984053939597263
0.00026760365943345336
0.00026631067321481854
0.0003057864326694741
0.00030195535355195347
0.0002624836781590031
0.0002683928671317623
0.00030451617959846767
0.00029358249989320075
0.0002581589455494048
0.0002710091233967949
0.00030239019189107035
0.0002848456729251244
0.00025492945372622867
0.000273969873918141
0.00029911871133553856
0.0002759915305935733
0.0002530522068554711
0.0002769606857374764
0.00029448294558571145
0.00026739507403191333
0.0002526894950929208
0.0002795482293180123
0.00028839090615381216
0.0002595390051815283
0.00025384697515848874
0.0002812105706753571
0.00028093353933201213
0.00025296248912257233
0.0002563183037640426
0.00028140443930610383
0.00027243310564402254
0.0002481795115678272
0.0002596527173494885
0.00027966604239305025
0.0002634617993803093
0.0002455697634590225
0.00026316361037257037
0.0002757305799625582
0.00025480308382596245
0.0002452505047376021
0.00026599217116693154
0.000269650146918025
0.00024734973232122667
0.0002469693588152801
0.00026724309314469846
0.00026187925477769787
0.00024193961904226432
0.00025005837877272114
0.0002661833759823555
0.00025328473607471506
0.00023914453387117096
0.0002534793386063947
0.00026245840488077943
0.000245036862357495
0.0002390573231532188
0.0002559884444415044
0.00025627131303265196
0.0002383788486317947
0.00024115668860889903
0.0002564210480734579
0.00024845520944851915
0.0002343064493398224
0.0002443234979385791
0.0002540370086881493
0.00024036304117778433
0.000233227763613739
0.0002470510255850359
0.0002488206447862738
0.0002335521613216398
0.00023472901548730754
0.00024784675118066533
0.00024161222015046382
0.0002293176204981053
0.00023757489033393716
0.0002457329863502528
0.00023396065891130428
0.00022820577812307226
0.00024001223516734497
0.00024066810019130526
0.00022766966491731918
0.00022970867493109687
0.00024034764006965615
0.0002336896704002025
0.0002241435734997773
0.0002323241093411994
0.00023762059616169802
0.00022663397330889286
0.00022376965256343446
0.00023405356613544572
0.00023208685061674105
0.0002214488099455449
0.0002256397394529287
0.00023321850663162645
0.0002252340010234528
0.00021933382782846598
0.00022783228542677528
0.00022926302099002618
0.000219204177705214
0.00022010282985545455
0.00022824072553088732
0.000223122792690805
0.000215795260180444
0.00022215948740788747
0.00022562324634411426
0.0002168650213728203
0.00021550054815017757
0.0002232290281625757
0.00022032768653466352
0.00021265424723412862
0.00021714711499706742
0.0002215701699067778
0.00021420218690645747
0.00021153048772257145
0.000218464211531349
0.00021702001100229137
0.0002095967538003128
0.00021272421083244836
0.0002173896323423739
0.00021117889641792233
0.00020793899549445506
0.00021404392189135343
0.00021338320576193309
0.00020647270109810456
0.00020876750781020524
0.00021324418661139172
0.00020785042169417945
0.00020456533696896302
0.00020996659210390845
0.0002095590657287417
0.00020324494496227173
0.0002051671959374657
0.00020920189026507564
0.00020429959819501025
0.0002013318409442783
0.00020618437491870195
0.00020563431100669685
0.00019993690868356346
0.00020183878099241286
0.00020526229678085282
0.00020060249026743882
0.00019821193016674777
0.00020262194907690826
0.00020164429073673098
0.0001965968856250871
0.00019871371318217244
0.00020137928335911374
0.00019682258950538405
0.00019520687335563658
0.0001991910423873066
0.00019759995936333472
0.00019329086352422195
0.00019573586171234183
0.00019749473606323173
0.00019303249811308452
0.00019233765912841135
0.00019580615975824995
0.0001935225525627122
0.0001901021009515382
0.00019285160877044227
0.00019356072494136346
0.00018932199345486113
0.00018961693186052075
0.00019237667899124514
0.0001894511489117212
0.00018710180002652719
0.00018997734261642446
0.000189540578846896
0.00018578208322542883
0.00018701177421219625
0.00018880603919898682
0.0001854514190489983
0.00018432647577482563
0.00018700003828547938
0.00018544231495687142
0.00018250698100561076
0.00018444208366878798
0.000185033675007876
0.00018163754533199973
0.0001817661835121949
0.00018380450385957958
0.0001813483546606458
0.00017956896360381584
0.00018177715937662663
0.0001810654413440158
0.00017814506823441703
0.00017932923434643916
0.00018030244735966865
0.0001774102855653804
0.0001769656269497216
0.00017885548610904788
0.0001770045449008108
0.00017508121483587034
0.00017683824725441526
0.000176491217515954
0.00017381817214552706
0.0001745782961741127
0.00017554679527183618
0.0001730552500651436
0.00017244942522792132
0.00017406685194686354
0.00017250239182663662
0.0001707197297081309
0.00017216496920421064
0.000171840217266028
0.00016947189335235003
0.0001700909455234819
0.00017084113297053402
0.0001686077550415591
0.00016811672640492064
0.00016943222788713344
0.0001679166068783251
0.00016643905840343356
0.00016769061685245374
0.00016716679334145915
0.00016512823276943313
0.00016578953085989658
0.0001661847504060498
0.00016412968808497902
0.00016392506417048608
0.00016489831391894045
0.00016330493424585653
0.0001622516150255435
0.00016333894627496454
0.00016248937074029614
0.00016084423826200935
0.0001616119931067368
0.00016154472158339428
0.00015969279231799096
0.0001598524681440559
0.00016039245413271102
0.00015872167382282448
0.00015818241271903146
0.00015902301985451864
0.00015782304519571194
0.00015668133982084224
0.00015748417106571641
0.00015689091099752137
0.00015537498012867528
0.0001558575876479775
0.00015584686559931842
0.0001542398556489474
0.00015423225265312853
0.00015465331392347254
0.00015321925578891686
0.00015268231118767444
0.00015331330445693858
0.00015224277056850833
0.0001512536480916118
0.00015186153082285593
0.0001512447628007512
0.0001499601027691821
0.00015035008800016564
0.0001501769021296141
0.00014878750943137273
0.00014883424823690632
0.00014901419612818633
0.0001477025187164363
0.00014736084045670296
0.00014775463180976542
0.00014666309172401922
0.00014596127713722333
0.00014641447267200764
0.00014562807344130222
0.00014464918783636997
0.0001450211116132276
0.00014456411380653513
0.00014342202877473643
0.0001436058972572005
0.00014344952399037304
0.00014226513651077977
0.00014219807623827528
0.0001422751244279988
0.00014115679745979398
0.0001408205685567384
0.00014104276508850895
0.00014007329923870152
0.00013948798345350102
0.00013976237334402663
0.0001389928155080806
0.00013820648561111877
0.00013844865003716927
0.00013789794434592483
0.00013697480444476622
0.00013711788437381444
0.00013677716639879013
0.0001357863494351918
0.0001357853922796822
0.0001356247932216442
0.00013463133693729324
0.00013446400987940138
0.00013444051155035329
0.00013349889560156417
0.00013316299827249145
0.00013322782685735562
0.00013237852155340528
0.0001318879406295516
0.00013199280581628568
0.00013126114278931865
0.00013064088922604686
0.00013074260538070449
0.00013013967108004392
0.0001294210717827339
0.00012948451312108674
0.00012900933291473338
0.00012822575120198477
0.00012822515066911546
0.0001278675380193284
0.0001270510284293461
0.00012697001489414387
0.00012671352233562487
0.0001258924577376439
0.00012572319228181547
0.00012554784407038812
0.00012474549581066563
0.00012448727086848774
0.00012437195670893892
0.00012360596982532318
0.0001232635763291149
0.00012318792258424167
0.0001224704423116101
0.00012205255608360309
0.00012199820708131586
0.00012133635850710312
0.00012085399748253551
0.00012080534185396059
0.00012020192649560496
0.00011966706440206149
0.00011961155288864691
0.00011906599080377389
0.00011849057390481469
0.00011841868691653555
0.00011792783393100041
0.00011732311123343139
0.00011722830407826011
0.00011678738317184124
0.00011616343067577658
0.00011604166777743306
0.00011564487764966934
0.00011501032316358706
0.00011485969604160888
0.00011450077669104873
0.00011386263749814173
0.00011368287156006212
0.00011335552307573446
0.00011271929527428907
0.00011251139815723302
0.00011220963167943353
0.00011157944793382441
0.00011134535287581228
0.0001110636880546804
0.00011044244690664422
0.00011018466820079297
0.00010991822307525464
0.00010930775811959
0.0001090291472551966
0.00010877369725879752
0.00010817500520837861
0.00010787856754369146
0.00010763053964450025
0.00010704397454312998
0.000106732715343269
0.00010648913637913523
0.00010591455041202675
0.0001055913665484314
0.0001053497889647809
0.00010478664574693026
0.00010445425149303899
0.00010421269049611066
0.0001036602319233515
0.0001033211438471811
0.0001030780042303596
0.00010253533967391183
0.00010219180155378945
0.00010194574836739463
0.00010141191417434292
0.00010106594817632083
0.00010081589740397706
0.00010028991079177516
9.994327025270456e-05
9.968829929125434e-05
9.916928058146103e-05
9.882353253358017e-05
9.856282515963713e-05
9.804996507480816e-05
9.770643262167875e-05
9.743926651755239e-05
9.693192179148822e-05
9.659174126589137e-05
9.63174538257456e-05
9.581515868042532e-05
9.547929660481616e-05
9.519726047480827e-05
9.46997526513571e-05
9.4368996985617e-05
9.407859550330708e-05
9.358581559183276e-05
9.326075225153923e-05
9.296137959315202e-05
9.247346981125103e-05
9.215447970930044e-05
9.184554918096309e-05
9.136285127915681e-05
9.10500869689331e-05
9.073100880525257e-05
9.025404744764592e-05
8.994741193251213e-05
8.961762882607054e-05
8.914711059379116e-05
8.884624108795961e-05
8.850526721525546e-05
8.804203414171206e-05
8.774628030645853e-05
8.739375806987825e-05
8.69387989155766e-05
8.664725926508572e-05
8.628301332298989e-05
8.583742698118078e-05
8.554894580373943e-05
8.517306208754351e-05
8.473803847373212e-05
8.445123927868398e-05
8.406412850367869e-05
8.364082730525594e-05
8.335408295304531e-05
8.295651082483834e-05
8.254601072888546e-05
8.225750161918111e-05
8.185056579186395e-05
8.145369134287183e-05
8.116140444354702e-05
8.074657044058813e-05
8.036381561028327e-05
8.006560879509218e-05
7.964469318202374e-05
7.927611566746685e-05
7.896987056649847e-05
7.854506586980724e-05
7.819023548889765e-05
7.787401445593414e-05
7.744786375147043e-05
7.710584714085746e-05
7.677805477372663e-05
7.635336819315124e-05
7.60226782667439e-05
7.568219206664393e-05
7.5261907362117e-05
7.494046883709335e-05
7.458676015350434e-05
7.417373814093766e-05
7.385890247604935e-05
7.349213171490546e-05
7.308893190717709e-05
7.277758411934019e-05
7.23986911286935e-05
7.200740064881964e-05
7.169615857883404e-05
7.13069087678298e-05
7.092894113360247e-05
7.061436277943067e-05
7.021732145264453e-05
6.985324142267426e-05
6.953210124511513e-05
6.913049765855286e-05
6.877983503064396e-05
6.844936566213658e-05
6.804684478405368e-05
6.770806707933079e-05
6.736628752458668e-05
6.696664484563436e-05
6.663721068460846e-05
6.628315876870314e-05
6.589001389085806e-05
6.556657129137106e-05
6.520051446166257e-05
6.481692855305984e-05
6.449555100365153e-05
6.411901191318877e-05
6.374710428992561e-05
6.34237001727504e-05
6.303936206732374e-05
6.26799831695898e-05
6.235074536253035e-05
6.196221921331817e-05
6.161482109348247e-05
6.127671242651001e-05
6.0888141265728814e-05
6.055076782188651e-05
6.0201942059074536e-05
5.981748018984919e-05
5.9486914977721714e-05
5.912700325326871e-05
5.875023790572647e-05
5.842240627970522e-05
5.805264294439657e-05
5.7686043256560975e-05
5.73565830275177e-05
5.697967832689137e-05
5.662419338309168e-05
5.628912379084742e-05
5.5908887819747645e-05
5.556373868110479e-05
5.5220075978415863e-05
5.4840803090102134e-05
5.4503538946776764e-05
5.414984425466832e-05
5.377561922825357e-05
5.344251032814553e-05
5.307918599511399e-05
5.271310863759558e-05
5.2379783473306056e-05
5.200903504787432e-05
5.165262228204546e-05
5.131490019819019e-05
5.094031527904676e-05
5.059315451101144e-05
5.024786301030732e-05
4.987372088607867e-05
4.953354598381571e-05
4.917919116402092e-05
4.8809558717811084e-05
4.847267684278183e-05
4.810978054093241e-05
4.7747609496233325e-05
4.740970748002605e-05
4.70407033819841e-05
4.6687120684611077e-05
4.634427634701117e-05
4.597296505886781e-05
4.5627012546832404e-05
4.527663280661225e-05
4.490721768949139e-05
4.45660694484792e-05
4.4207532537856686e-05
4.384355584388308e-05
4.350322724861941e-05
4.3138035583902e-05
4.278145432006224e-05
4.243787612730307e-05
4.206926830073996e-05
4.171992069535021e-05
4.137008709997696e-05
4.1002135868875014e-05
4.065779211811734e-05
4.0300616099561834e-05
3.993701147921068e-05
3.959405061660509e-05
3.923067969591426e-05
3.887362497538593e-05
3.8528149394617683e-05
3.8161564745227026e-05
3.781109722652762e-05
3.7460158528073925e-05
3.7094223474786305e-05
3.674824178709975e-05
3.6390794195331755e-05
3.602897048940413e-05
3.5683953658483675e-05
3.5321208130497045e-05
3.4965403348628885e-05
3.4617674024451945e-05
3.425264991170065e-05
3.3902549379968535e-05
3.354959329585354e-05
3.31860054871519e-05
3.283925901252909e-05
3.2480645285447134e-05
3.212150287855214e-05
3.177464057290205e-05
3.1412129702781694e-05
3.105861556121272e-05
3.0708422534077556e-05
3.0345239383959468e-05
2.999628300195175e-05
2.9641074974824915e-05
2.928059894197416e-05
2.8933369899002137e-05
2.857366899124223e-05
2.821803031285682e-05
2.7869178083583714e-05
2.750745720834797e-05
2.7156652300267155e-05
2.680377200427273e-05
2.6443308566746933e-05
2.6095263137870285e-05
2.5737952185410015e-05
2.5381335142478107e-05
2.503290324156783e-05
2.467286240891587e-05
2.432081862502409e-05
2.3969282070695347e-05
2.3609463280481642e-05
2.326057993817278e-05
2.2904926798341003e-05
2.2548075511540436e-05
2.219954128745375e-05
2.1840910524222393e-05
2.1488212798862795e-05
2.113727025002208e-05
2.0778308441568236e-05
2.0428803417653005e-05
2.0074145163110832e-05
1.9717561417036816e-05
1.9368717955592623e-05
1.901113323379551e-05
1.8658238639857397e-05
1.830736620244376e-05
1.794921746538919e-05
1.7599263939141463e-05
1.7245001487961598e-05
1.6888847553360453e-05
1.653951944547566e-05
1.6182521153540463e-05
1.582964130528164e-05
1.5478419204906224e-05
1.5120878200033938e-05
1.4770552710346996e-05
1.441616384934008e-05
1.4060438204011039e-05
1.3710438075908993e-05
1.3353573449892409e-05
1.3000732790424685e-05
1.264871970504955e-05
1.2291508432765719e-05
1.1940693170925387e-05
1.1585686090553882e-05
1.1230265509907557e-05
1.0879294757834557e-05
1.052221228825534e-05
1.0169308169952207e-05
9.816141877797002e-06
9.459081302426453e-06
9.107581565422074e-06
8.7516605319915e-06
8.396430116940252e-06
8.044219188527157e-06
7.686746525160937e-06
7.333622172200904e-06
6.979063614617753e-06
6.622080031104538e-06
6.269676086006343e-06
5.912716505562191e-06
5.557588325190432e-06
5.203902286858575e-06
4.8460405658382055e-06
4.492498075159279e-06
4.1364025415921435e-06
3.7794980433283453e-06
3.4258884161926517e-06
3.0679272102207555e-06
2.7127628785400537e-06
2.357375460705635e-06
1.999255175383352e-06
1.6449687431870953e-06
1.287356570008752e-06
9.305364318222542e-07
5.753987874328181e-07
2.166672451696383e-07
-1.3879391537073224e-07
-4.959568291156013e-07
-8.541503674977524e-07
-1.2095603672962474e-06
-1.5684394376255795e-06
-1.9252610762724234e-06
-2.2821229398988646e-06
-2.641255727974662e-06
-2.9973254946739913e-06
-3.3560511845161928e-06
-3.7141076269378917e-06
-4.070883771949835e-06
-4.4304870645967e-06
-4.787397385314779e-06
-5.145849388886285e-06
-5.504870096139161e-06
-5.861814104845403e-06
-6.221560627163447e-06
-6.579369776008037e-06
-6.937605424033218e-06
-7.297297939067374e-06
-7.654614729867004e-06
-8.014295956530748e-06
-8.372918798540269e-06
-8.731043086870546e-06
-9.091121824999007e-06
-9.44892351447367e-06
-9.808449260641531e-06
-1.0167748458508874e-05
-1.0525904668077374e-05
-1.0886174414250285e-05
-1.1244518235233904e-05
-1.1603897293214344e-05
-1.1963717373005e-05
-1.2322016840931801e-05
-1.2682329028247761e-05
-1.30411714876974e-05
-1.340041282817464e-05
-1.3760559596159155e-05
-1.4119029537702516e-05
-1.4479257585705771e-05
-1.4838487713258325e-05
-1.5197607632905577e-05
-1.5557922104388966e-05
-1.5916580333419708e-05
-1.6276693387995422e-05
-1.6636248713611766e-05
-1.699533979453876e-05
-1.7355777281043497e-05
-1.771469440246809e-05
-1.8074768711677947e-05
-1.8434650254048855e-05
-1.879384542830681e-05
-1.915442654718425e-05
-1.9513670836033913e-05
-1.9873798427555087e-05
-2.0233999790306677e-05
-2.059339038143265e-05
-2.0954123953107438e-05
-2.1313710746480134e-05
-2.1673947815152583e-05
-2.203444080538003e-05
-2.239407973774442e-05
-2.275498084096817e-05
-2.3114924771497304e-05
-2.3475347675657593e-05
-2.3836151927977313e-05
-2.4196122591708686e-05
-2.4557266553818652e-05
-2.4917630966633277e-05
-2.5278359709161435e-05
-2.5639550528668595e-05
-2.5999964141956884e-05
-2.636146276736688e-05
-2.672233099185444e-05
-2.7083490001504878e-05
-2.744515344859505e-05
-2.7806111355802195e-05
-2.816807543387298e-05
-2.8529527644911498e-05
-2.889123427540557e-05
-2.9253463566707833e-05
-2.9615070142201706e-05
-2.9977623962924773e-05
-3.033975737485597e-05
-3.070214142002984e-05
-3.106504420850821e-05
-3.142740531045094e-05
-3.1790664604654587e-05
-3.2153559976404265e-05
-3.2516720552062066e-05
-3.288036850910203e-05
-3.3243549512780406e-05
-3.360758592796918e-05
-3.397128921777521e-05
-3.4335294829778134e-05
-3.469974074170174e-05
-3.506380047858023e-05
-3.542867976441761e-05
-3.57932428172612e-05
-3.615816416582189e-05
-3.6523462579815926e-05
-3.688846268935751e-05
-3.7254243299317345e-05
-3.7619715972094566e-05
-3.7985610362157554e-05
-3.835180461278921e-05
-3.8717802563029233e-05
-3.908453721991167e-05
-3.9450979851743265e-05
-3.981791298575876e-05
-4.0185064227802366e-05
-4.055213487305469e-05
-4.091988421214051e-05
-4.128736970909839e-05
-4.1655404664607196e-05
-4.2023571684781085e-05
-4.239177575536179e-05
-4.2760576283910976e-05
-4.312915385632052e-05
-4.3498316258227285e-05
-4.386752930047081e-05
-4.423689559096664e-05
-4.4606757897793664e-05
-4.497645571672495e-05
-4.534674167743615e-05
-4.571700756566578e-05
-4.608752702297972e-05
-4.645842510050491e-05
-4.682923104764268e-05
-4.7200594629864725e-05
-4.757189167767196e-05
-4.794352403519409e-05
-4.831541857363707e-05
-4.8687309380301735e-05
-4.9059700420916313e-05
-4.943201176766075e-05
-4.980471680066513e-05
-5.017758354568464e-05
-5.055054601594476e-05
-5.092393601080405e-05
-5.129727334087598e-05
-5.167104004928386e-05
-5.204489903666847e-05
-5.241895454223956e-05
-5.279335599821076e-05
-5.31677594035173e-05
-5.354259365546578e-05
-5.391747907162081e-05
-5.4292646074866405e-05
-5.466808104187178e-05
-5.5043597077093125e-05
-5.541952222130261e-05
-5.5795492071517515e-05
-5.6171798595936384e-05
-5.654829151332749e-05
-5.692492498006295e-05
-5.7301888727551864e-05
-5.767887849725359e-05
-5.805618778828006e-05
-5.8433586530781396e-05
-5.881115631100849e-05
-5.91889603276926e-05
-5.956680507616442e-05
-5.994495120838282e-05
-6.0323158306281426e-05
-6.070160266900395e-05
-6.10802431856612e-05
-6.145900765222514e-05
-6.183808100765549e-05
-6.221725048601717e-05
-6.259672500381369e-05
-6.297638227133777e-05
-6.335625015227209e-05
-6.373641185485252e-05
-6.411671029705242e-05
-6.449733407689687e-05
-6.487811813940589e-05
-6.525916068920659e-05
-6.564045032502884e-05
-6.602190802738363e-05
-6.640367074252146e-05
-6.678557729885673e-05
-6.716776364364845e-05
-6.755015159740617e-05
-6.79327445176668e-05
-6.83156138863557e-05
-6.869864072656692e-05
-6.908196369716051e-05
-6.946547164464424e-05
-6.984923290112143e-05
-7.02332531152283e-05
-7.06174754299831e-05
-7.10020099292713e-05
-7.138674544846131e-05
-7.177178514963464e-05
-7.215708095493071e-05
-7.254263835614541e-05
-7.29285185498099e-05
-7.331463741703175e-05
-7.370110101694182e-05
-7.408783016071567e-05
-7.447487809133531e-05
-7.486225103859765e-05
-7.524990684959075e-05
-7.563792700432533e-05
-7.602622692633834e-05
-7.641488389412349e-05
-7.680385735683046e-05
-7.719314957181395e-05
-7.758280134365757e-05
-7.797274618042565e-05
-7.83630616198322e-05
-7.875368087482623e-05
-7.914464287862123e-05
-7.953594533902724e-05
-7.99275553792162e-05
-8.031953162619351e-05
-8.07118060190329e-05
-8.110443983617727e-05
-8.149739810401402e-05
-8.189068670867177e-05
-8.228433429342325e-05
-8.26782910125168e-05
-8.307261947143321e-05
-8.346726688106753e-05
-8.386227019017376e-05
-8.425762500041483e-05
-8.465331045980973e-05
-8.504937332197974e-05
-8.544576173728059e-05
-8.58425290828018e-05
-8.623964464858939e-05
-8.663711908027042e-05
-8.703497350026054e-05
-8.743317152865916e-05
-8.783176412771517e-05
-8.823070557437948e-05
-8.8630028845955e-05
-8.902972550889663e-05
-8.94297824684148e-05
-8.983023442339465e-05
-9.023103629077732e-05
-9.063223060820584e-05
-9.103378625160258e-05
-9.143571525687587e-05
-9.183802929883897e-05
-9.224069786220102e-05
-9.264376002167811e-05
-9.304717476369361e-05
-9.345097338674265e-05
-9.385514549007854e-05
-9.425968457216785e-05
-9.466461762691928e-05
-9.506990931231119e-05
-9.547560064355294e-05
-9.588166723525359e-05
-9.628812848981453e-05
-9.669499541819029e-05
-9.710224994136644e-05
-9.75099297903276e-05
-9.79180046110514e-05
-9.832650946611381e-05
-9.873543661852434e-05
-9.914478832065215e-05
-9.955458799664569e-05
-9.996480862414949e-05
-0.00010037548767821209
-0.0001007866020452444
-0.00010119817174777701
-0.00010161020237433552
-0.00010202268090937831
-0.00010243563736896241
-0.00010284904078635863
-0.00010326291736887858
-0.00010367724976037787
-0.0001040920365328319
-0.00010450728819855906
-0.0001049229737025889
-0.00010533911468596605
-0.00010575567502383378
-0.00010617265977070118
-0.00010659005419086736
-0.00010700783390769553
-0.0001074260098168315
-0.00010784454288086814
-0.00010826344899140326
-0.00010868270425499907
-0.00010910230853524217
-0.0001095222698689967
-0.00010994256696690916
-0.00011036322570319074
-0.00011078422021065413
-0.00011120556537845306
-0.0001116272530420827
-0.0001120492727463497
-0.00011247164170631802
-0.00011289433612120402
-0.00011331738505136133
-0.00011374078140595544
-0.00011416454653457396
-0.00011458870458250258
-0.00011501325915443594
-0.00011543825555971658
-0.00011586369312691102
-0.00011628961097045755
-0.00011671602171428079
-0.00011714293993654194
-0.00011757039858068267
-0.00011799839249981029
-0.00011842695962753134
-0.00011885609773442516
-0.00011928583125830883
-0.00011971617911451902
-0.00012014714317832
-0.00012057875835656671
-0.00012101101753085822
-0.000121443952184771
-0.00012187756446202326
-0.00012231186129423396
-0.00012274686067901836
-0.0001231825480583899
-0.0001236189457280687
-0.0001240560335574995
-0.00012449381591827897
-0.00012493228565780515
-0.00012537142372731565
-0.00012581123691946813
-0.0001262516925885308
-0.00012669279550954281
-0.00012713452337961725
-0.0001275768666289146
-0.0001280198235896762
-0.00012846336689891112
-0.00012890750505265437
-0.0001293522119521023
-0.00012979749335209522
-0.00013024334361112533
-0.00013068975094595429
-0.00013113672461301777
-0.00013158424103001013
-0.00013203231558431443
-0.00013248093790897277
-0.0001329301133095956
-0.00013337984942279974
-0.00013383013349099006
-0.00013428098553070847
-0.00013473239346937404
-0.00013518437702525696
-0.00013563694105050674
-0.00013609008874332235
-0.0001365438396921954
-0.00013699818391309113
-0.00013745314607370156
-0.00013790872233471557
-0.00013836492571614445
-0.0001388217671729418
-0.00013927924119635384
-0.00013973736871722116
-0.00014019613755611178
-0.0001406555647038056
-0.0001411156487473597
-0.00014157639044551007
-0.0001420378027043727
-0.0001424998722039835
-0.00014296261658753627
-0.0001434260244147024
-0.00014389010414624608
-0.00014435486072543973
-0.00014482028879183475
-0.00014528640648595842
-0.00014575320141201195
-0.00014622069014468448
-0.0001466888699435019
-0.00014715774514706168
-0.00014762732964790248
-0.00014809761600637002
-0.0001485686261646344
-0.00014904035411865752
-0.00014951281527049898
-0.00014998601802101937
-0.00015045996457257365
-0.0001509346776043062
-0.00015141015204984091
-0.00015188641036951924
-0.00015236345302024678
-0.00015284128895495775
-0.0001533199313405461
-0.00015379937404405109
-0.00015427963633997302
-0.00015476070919436717
-0.00015524260459981443
-0.00015572532277612316
-0.0001562088590613081
-0.00015669322410476
-0.00015717840290936587
-0.00015766440709311287
-0.00015815122550852514
-0.00015863885820788974
-0.00015912730663091978
-0.00015961655740365276
-0.0001601066210811239
-0.00016059748238177684
-0.00016108914947126328
-0.00016158161882718974
-0.00016207488820614563
-0.0001625689700120045
-0.00016306385597988996
-0.0001635595655807144
